44.216 52.593 44.52 53.89 27.41 1 1 2 8 4.4 8.5 5.37 0 10 2
39.883 40.811 33.368 41.877 56.33 0 1 -999 4.4 2.5 3 0 1 6 2
46.381 40.222 40.944 54 56.33 3 1 -999 3.25 5 3.5 3.5 0 8 3
39.883 55.98 55.672 56.402 70.6 4 1 5 5.5 4.62 5.5 4.83 1 13 4
52.744 47.88 44.804 41.767 56.33 3 1 5 8.37 3.5 8 6.29 0 10 2
42.32 61.944 53.527 47.009 70.6 3 1 1 8.33 5 7 7.67 0 9 3
63.167 56.053 64.679 62.628 27.41 3 0 5 6 4.92 3.11 7.5 0 10 3
58.971 40.738 42.088 50.396 70.6 2 1 5 6.75 6.43 7.2 6.83 0 11 4
52.608 60.913 62.39 54 61.32 2 1 2 8.67 3.25 5.85 9 1 10 4
59.918 67.688 51.238 39.145 66.09 3 1 5 9.8 7.25 8 9 0 9 3
44.622 36.172 40.515 29.098 15.57 2 1 4 2 -999 4 1.67 0 7 1
35.687 47.88 49.238 51.269 66.18 0 1 3 1.6 2.7 3.5 4 1 10 2
41.779 53.771 55.527 50.396 49.7 1 1 2 8 5.14 7.1 7.33 1 7 3
48.412 45.45 62.39 48.757 66.18 1 1 6 1.8 1.5 3.25 3.78 0 -999 2
58.971 63.122 53.669 53.89 66.09 4 1 6 8.62 8.37 7.17 8.17 0 13 5
46.381 41.99 45.091 32.047 32.45 -999 0 -999 0 -999 -999  0 8 3
44.35 43.241 42.946 43.405 56.33 2 1 3 6.5 7.25 5.75 7 0 11 3
43.944 40.811 51.382 44.388 27.41 5 1 3 5.4 3 1.5 3 0 8 2
48.412 59.662 60.103 55.638 66.09 4 1 6 6.78 5.5 5.25 6.75 1 11 5
43.267 39.633 47.093 34.777 56.33 3 0 3 8.75 5 6.87 8 0 8 3
52.473 55.98 53.527 44.17 49.7 7 1 6 7.62 5.83 5.75 4.86 0 11 2
37.718 47.807 38.371 46.026 56.33 2 1 5 3.33 2 2 0.25 1 10 3
65.334 60.692 62.534 66.013 56.33 6 1 7 9.5 7.5 8 8 0 8 4
67.499 60.766 55.672 60.881 81.87 4 1 5 6.86 5.14 8.25 6 1 15 6
63.303 60.84 64.679 60.881 70.6 1 1 2 4.6 3 6.33 7 1 10 5
46.246 59.662 46.949 48.866 56.33 5 1 3 7.5 5 5 6.5 0 10 2
67.499 50.163 50.953 64.702 61.32 1 1 -999 4.25 1.75 1.67 6.43 1 10 2
45.163 50.31 55.814 47.009 70.6 1 1 1 3.5 4 5  1 12 5
65.334 63.122 66.966 69.508 66.09 3 1 6 8 5.05 8 8 1 11 4
63.167 59.588 62.677 60.77 70.6 2 1 3 10.87 10.25 9 10.33 0 11 5
-999 -999 -999 -999 58.01 2 1 2 4.25 3 6 3 0 10 3
58.836 60.692 69.253 69.508 7.32 1 0 -999 2.5 1.33 3.4 1 1 11 3
46.381 48.984 55.814 53.781 70.6 -999 1 6 4.78 3.12 4 5.83 1 14 4
58.971 53.698 57.959 62.955 58.01 2 1 2 9.4 6.5 7 8 1 10 3
54.503 51.341 55.672 55.747 7.32 3 1 2 8 6 6.5 6 1 11 3
56.805 66.583 56.1 62.519 70.6 6 1 2 9.87 9.5 9.87 11 1 14 4
63.303 50.236 46.664 52.362 66.18 7 1 3 6.33 9.67 7 8 0 12 3
34.332 45.45 36.226 40.128 56.33 1 0 0 2.43 2 3 3.5 1 5 2
52.744 58.337 48.951 60.989 58.01 2 1 5 5.37 4.29 6.67 5.25 1 11 2
37.718 45.524 36.799 41.658 56.33 2 0 1 3.5 6.12 4 3.8 1 10 3
52.744 57.232 64.535 59.132 56.33 7 1 3 6.33 1 4 6.2 1 13 4
-999 -999 -999 -999 66.18 7 1 8 5.67 7.25 8 5.75 1 13 3
34.739 41.99 33.224 36.634 70.6 2 -999 2 6.67 3 4 1.5 1 -999 4
48.277 42.063 37.513 50.613 20.26 3 0 2 7.56 7.37 6.87 6.71 1 10 2
57.211 56.053 62.534 59.132 81.87 1 1 1 8.22 8.17 6.5 6.71 1 12 5
54.775 43.168 51.238 53.89 56.33 0 1 2 4.55 4 3.5 5 1 8 2
37.581 36.172 35.368 50.286 56.33 -999 1 2 3.3 2 4.25 5 1 10 3
55.722 50.826 47.378 55.747 56.33 2 1 5 7.25 7.4 6 8 1 -999 3
64.25 68.866 57.959 63.392 66.09 2 1 3 8.75 7.25 8 9.5 1 11 5
42.185 40.811 48.951 47.119 61.32 0 1 2 1.86 3.5 1 1 1 4 3
59.105 58.41 44.233 57.385 61.32 4 1 3 6.87 7.5 5 4.57 0 10 3
50.442 56.348 53.24 52.143 66.09 2 1 6 7.25 3.62 4 5 0 11 4
48.683 38.75 42.66 41.877 15.57 1 1 2 -999 2.25 2.75 2.36 1 7 2
63.167 63.343 71.542 64.375 49.7 4 1 6 8.12 5 7.04 8.5 0 12 5
42.455 46.554 50.953 41.767 61.32 1 1 3 6.5 8 3.5 2.75 1 10 3
42.049 33.816 35.655 46.9 56.33 3 1 2 5.67 4.33 4 4.33 1 9 2
44.079 48.984 46.664 49.413 20.26 4 1 3 7.5 5.75 6 7.83 0 11 2
43.81 39.56 33.368 41.658 66.18 3 1 3 7.33 5.33 5.12 8.12 1 13 3
48.546 38.823 42.231 51.16 58.01 4 1 7 9.36 6.71 7.25 8.25 0 12 4
42.32 41.769 40.23 46.026 7.32 5 1 5 6.87 4.12 8.75 7 1 3 3
58.836 64.595 69.397 59.023 58.01 4 1 -999 5.33 2.5 0.67 1.67 0 11 2
52.608 42.652 35.797 46.9 32.45 3 1 2 4.6 5.25 4 5.5 0 11 2
52.473 49.059 53.669 52.251 27.41 5 1 8 1.2 2.33 3.67 0 0 5 1
59.105 52.445 60.674 53.89 66.09 6 1 2 8.75 4.5 7 9.12 0 12 3
46.922 39.706 40.373 40.784 20.26 3 1 2 7.62 3.87 5.83 6.67 0 9 2
40.967 46.923 44.375 28.66 56.33 1 1 2 2.2 3.5 1 2.6 1 10 3
39.748 50.236 58.101 38.272 49.7 1 1 1 4.25 4.25 2 5 0 12 3
56.805 64.227 51.238 60.881 27.41 3 1 5 7.4 4.33 7 5.75 0 13 5
54.775 51.341 55.814 55.747 66.09 1 1 1 6.12 7.5 6.14 6 1 10 2
54.775 53.698 39.944 60.77 49.7 2 1 3 9.25 9.25 8 8.67 0 -999 4
-999 -999 -999 -999 32.45 1 1 0 7.62 5.5 5.5 8.33 1 11 3
50.577 53.771 44.52 34.777 15.57 2 1 3 9.5 9.29 8.79 10.25 0 10 3
41.102 41.4 30.937 42.422 20.26 2 0 5 0.86 1 1.25 1.87 0 8 2
65.334 68.94 69.253 66.013 81.87 1 1 2 4.33 6.82 6.4 5.19 1 11 6
41.914 47.07 46.664 40.128 56.33 0 0 0 7.25 6 5.75 3.5 0 9 3
46.11 49.353 44.52 57.276 20.26 2 1 0 5 6 6.5 5 0 9 2
48.546 49.059 53.383 53.89 70.6 4 1 3 7.36 5.83 9.75 8.5 0 11 5
-999 -999 -999 -999 66.18 1 0 2 1.92 3.8 0.67 2.43 1 7 3
27.294 45.45 38.371 32.156 66.18 1 1 2 3.5 5.4 1.6 3.67 1 9 2
63.303 68.866 64.679 67.761 81.87 5 1 6 10.25 11.5 11.5 11.1 0 14 6
52.744 37.424 44.52 46.791 56.33 1 1 2 7 5 8 8.33 0 11 2
47.328 58.483 49.523 48.539 56.33 1 1 -999 2 1.8 2 2 0 11 3
50.713 46.702 40.086 57.385 27.41 2 1 1 3.5 6.5 5 5 0 10 2
65.334 61.871 57.816 66.013 56.33 7 1 6 8 7.9 8.5 9 0 8 3
61.136 68.866 62.39 53.89 61.32 2 1 1 7 9 8.33 9.75 0 7 3
39.883 51.414 46.949 43.515 20.26 2 1 -999 1.33 8 2.5 5 0 9 1
67.499 66.583 71.542 64.266 66.18 2 1 1 8.37 4.33 8.12 9.29 1 11 3
46.381 47.807 51.096 55.638 56.33 2 1 3 8 9 5.75 8 0 9 3
37.853 44.493 42.375 26.367 61.32 2 0 6 1.18 2.5 3.33 0.63 1 7 2
67.499 66.877 60.245 60.989 -999 2 1 2 3.37 5 5.5 5.5 0 4 1
59.105 66.51 60.245 56.511 49.7 2 1 8 7.62 7.5 7.25 7.25 1 12 6
57.887 48.027 49.094 52.143 66.09 2 1 5 4.78 6 4 3 0 10 3
50.577 45.45 51.382 49.413 81.87 2 1 5 6.62 7 7.43 6.2 1 12 6
36.906 50.163 42.231 50.396 61.32 1 1 2 3.37 4.83 2.75 3.5 1 10 4
42.049 64.227 55.672 53.89 20.26 3 1 2 8.12 8.25 7.25 8.33 1 4 3
42.185 36.172 33.224 40.02 56.33 -999 0 -999 0 0 0 0 0 -999 1
61.272 67.835 60.245 54 61.32 5 1 7 8.91 9.5 10 10 0 10 4
33.657 30.355 46.807 50.396 27.41 4 1 -999 3.75 6.75 8.5 4.75 0 3 2
-999 -999 -999 -999 15.57 3 0 4 5.62 3.83 6.25 4.83 0 6 1
40.018 38.823 33.51 34.886 70.6 2 0 4 8.64 7 7.87 7.12 1 12 4
50.713 57.084 55.672 54 66.09 1 1 2 7.18 5.89 6.33 8.1 1 12 3
50.713 52.077 57.816 52.362 66.09 3 1 1 8.14 7.83 7 8.83 1 11 3
36.769 42.578 50.096 44.279 70.6 4 0 6 4.89 3 4.71 5.62 1 10 5
-999 -999 -999 -999 61.32 2 1 6 9.75 5 7 9 0 10 3
65.334 67.688 69.253 66.013 66.18 2 1 7 10.08 10.12 8.5 10.8 1 10 2
44.35 34.994 40.086 31.282 27.41 1 0 1 7.25 8.33 8 5 1 -999 2
42.455 36.172 47.093 45.153 66.09 2 1 1 3.4 3.5 4 2.5 1 7 3
61.001 45.45 53.383 53.781 66.18 2 1 3 8 5 8.3 9.29 0 13 4
31.355 46.629 40.086 42.204 70.6 3 1 5 6 2.75 5.25 4.5 0 12 4
40.83 38.381 37.942 34.777 15.57 5 1 -999 1.33 3.33 5 1.33 1 4 3
35.281 54.875 51.096 52.143 70.6 -999 0 6 1 2 3.2 2 1 10 2
38.124 45.377 42.375 45.262 61.32 2 1 3 3.5 4.17 4 3 0 10 4
54.775 49.132 46.807 51.269 66.18 1 0 2 5 4 5.75 5.62 0 12 4
48.412 49.205 28.792 49.521 81.87 2 0 3 6.2 5.8 6.75 6.75 1 13 6
44.216 45.524 51.525 48.757 56.33 1 1 0 5.15 5.22 4.83 6.7 1 11 3
37.853 40.811 44.375 57.494 66.09 2 1 2 4 1.83 2.5 4 1 11 3
-999 -999 -999 -999 81.87 3 1 2 9.67 7.25 8.25 8.43 0 -999 6
61.001 66.657 69.11 57.494 66.18 2 1 4 7.33 6.12 7.12 5.57 1 12 4
57.075 54.875 64.964 54.764 56.33 1 1 2 5.75 3.75 4.65 5.7 0 10 5
47.193 53.035 31.508 52.143 27.41 0 1 4 3 4.5 3.5 3.25 0 10 2
63.303 59.883 64.679 66.013 66.18 2 1 4 9.27 7 8.9 10 0 13 4
57.075 49.574 51.096 50.941 15.57 3 1 5 10.37 7 8.64 9.87 0 5 2
-999 -999 -999 -999 27.41 3 0 8 7.62 8.3 8.75 9.5 1 11 3
43.944 49.132 46.52 48.866 27.41 4 0 3 6.34 6.8 6.54 6.63 1 7 2
42.32 39.706 35.797 39.255 66.09 2 1 3 4.06 4.75 2 5 1 8 3
-999 -999 -999 -999 15.57 1 1 0 -999 8.17 7.25 8.8 1 7 2
56.669 48.984 57.816 54.764 66.09 2 1 8 8.25 3.83 5.75 8.62 1 13 5
58.836 64.301 53.383 66.013 56.33 2 1 2 1.33 1.33 3 5.33 1 8 1
56.94 66.583 66.966 59.023 66.09 5 1 7 9 7.33 8.5 10.57 0 13 5
42.591 44.714 45.091 31.282 15.57 1 0 2 8.75 5 11 6.5 0 5 1
56.805 42.505 53.527 46.9 56.33 2 1 8 9.67 5 7.5 9.69 0 12 3
41.102 37.351 53.527 48.757 20.26 2 0 3 2.5 5 2 2 1 8 1
45.84 59.514 55.672 58.149 15.57 2 1 5 6.37 5.14 7.4 6 1 9 2
48.412 54.949 52.24 47.883 56.33 3 1 2 6.87 5.6 8 7 0 12 3
56.805 59.662 53.527 50.504 70.6 3 0 5 9.12 10.62 10.25 10.57 0 -999 4
52.744 40.959 55.956 54 56.33 -999 1 3 5.12 4 3.25 4 1 12 3
50.713 47.291 42.517 43.077 66.18 1 1 4 6.5 8.75 9 5 0 10 2
50.577 30.282 42.088 50.504 61.32 0 1 0 5.62 5 7.25 6.83 1 11 3
-999 -999 -999 -999 61.32 1 1 3 8 5.6 7 8.5 1 11 3
58.971 45.597 55.672 50.504 70.6 1 1 3 8.25 6.7 6.62 7 0 12 5
59.105 49.205 55.672 62.519 70.6 3 0 5 7.25 6.5 8 10.14 1 10 5
61.272 62.975 46.664 54 56.33 5 1 4 8.11 7.5 7 9.06 0 -999 5
58.836 67.688 62.39 64.266 56.33 4 1 6 8.5 6.57 9.71 9.5 1 13 4
50.442 55.391 55.672 50.504 66.18 3 0 3 4.25 4.75 5.84 7.75 1 12 2
48.412 59.588 51.954 69.508 15.57 1 1 2 6.25 8 5 4.57 1 7 3
46.652 43.536 39.944 48.757 15.57 0 0 3 5 7.25 5 6.5 1 10 3
47.871 39.706 48.809 48.647 56.33 2 1 0 5 3.11 2.75 2.1 1 10 4
43.81 50.163 57.959 45.371 56.33 1 1 3 4.67 5.17 4.25 2.25 0 7 3
61.272 58.41 64.679 56.621 56.33 3 1 2 7.17 9.33 7.83 6 0 3 3
54.775 52.666 60.103 60.77 20.26 3 -999 1 4 5 7.57 7 1 10 3
57.075 45.597 49.38 50.504 70.6 1 1 2 6 4.33 5 7.5 0 -999 3
54.503 54.802 46.52 50.396 70.6 5 1 4 11 8 9.75 11 0 12 4
54.638 39.633 42.231 50.396 66.09 2 1 2 6.5 4.2 4 4.25 0 10 3
67.499 67.688 57.243 69.508 70.6 0 1 2 10.6 10.5 10.62 10.83 0 10 4
50.713 53.698 57.816 49.413 70.6 5 1 3 9.33 8.75 9.5 6 0 13 5
61.001 61.871 49.238 52.362 56.33 4 0 5 8.75 8 7.62 9 0 10 3
48.412 52.519 60.245 57.276 66.09 6 1 7 6.5 6.5 5.75 9 1 8 3
53.556 47.733 50.953 52.251 56.33 1 1 1 3.5 4 2 5 1 6 3
41.914 41.99 39.944 53.89 27.41 2 0 4 2.44 1.83 2.2 1 1 9 2
57.075 50.163 55.814 62.519 56.33 3 1 2 7 7.25 6.5 7.5 1 7 4
63.438 57.158 53.383 57.494 81.87 1 1 3 9.75 8 8 9.6 0 14 6
44.757 52.225 47.378 42.532 7.32 6 0 5 6.75 7.5 6.33 8.67 0 9 2
48.412 43.241 42.375 43.515 70.6 1 1 2 6.5 5 3.5 6 0 10 4
54.909 46.702 51.238 52.143 15.57 1 1 3 6.33 6 5 2.6 0 6 3
50.713 43.315 53.527 40.02 15.57 1 1 1 4.8 1.87 4.25 5 0 10 3
61.272 46.629 62.534 52.143 81.87 3 1 3 8.67 5.87 5 8.17 0 15 6
67.499 70.044 73.686 69.508 56.33 7 1 6 11 11 11 11 1 12 3
48.546 52.445 64.964 64.266 66.18 -999 0 0 7.62 4.71 6.5 6.5 1 11 3
37.718 33.816 32.51 48.757 15.57 0 0 0 4.2 5.5 1.5 0.67 1 8 3
54.775 60.692 55.527 50.286 70.6 4 1 3 9.62 10.3 9.67 9.17 0 10 4
58.971 64.522 53.812 59.132 56.33 4 1 6 6.5 1.62 7.5 7.25 0 7 2
-999 -999 -999 -999 56.33 1 1 -999 3 2 2 5 0 11 2
65.334 66.583 55.527 62.519 66.18 1 1 2 6.78 8.5 8.8 7.33 1 10 4
58.971 55.096 55.814 55.638 66.09 5 1 5 10.64 9.25 9 10.5 0 10 3
56.805 54.949 55.814 50.286 66.18 0 1 3 2.6 3.33 3 5 1 10 3
54.638 52.519 57.959 59.023 70.6 2 1 2 2.62 1.33 2.6 4.43 1 10 3
38.936 51.341 42.231 54.655 66.09 -999 1 5 0 0.5 2.5 2 0 8 2
54.775 56.053 46.807 53.89 56.33 2 0 3 6.5 9.12 6.12 7.25 1 8 3
35.281 47.217 47.378 43.624 27.41 2 0 2 8 2 4.75 4.33 1 7 1
56.805 59.441 48.38 52.143 49.7 3 1 2 7.37 8.17 5 5.33 0 7 3
54.638 61.871 49.238 54 66.18 4 1 3 5.43 2.2 5.86 6.5 1 12 3
65.334 61.061 55.527 63.392 56.33 2 1 2 7.62 7 8 7.14 0 12 5
56.94 59.514 60.39 52.143 66.18 2 1 0 7.25 5.75 6.06 6.62 1 8 2
40.018 38.823 43.518 47.774 20.26 1 0 0 5 1.33 2.33 1.33 0 5 1
56.94 43.241 51.382 57.276 66.18 1 1 3 8 4 6.5 10.5 0 9 3
29.865 42.578 39.657 34.777 61.32 1 1 0 6.5 5 6 6 1 7 3
54.909 58.41 47.093 57.932 56.33 1 1 1 7 3.75 4.5 8.82 1 11 3
58.836 61.871 64.821 60.77 15.57 3 1 5 10.71 11 10.25 9.5 1 -999 4
42.32 47.88 41.946 51.379 27.41 1 1 4 3.67 3.29 4.75 4.2 1 11 3
52.338 64.227 46.664 64.266 66.18 2 1 4 8.12 9.4 9.75 8.33 0 10 2
63.303 59.883 53.24 66.013 70.6 4 0 5 8.6 4 8 7.57 0 11 5
63.438 63.122 51.238 59.132 66.18 7 1 4 8.5 3.5 5.75 7.83 0 12 4
63.303 57.232 64.964 66.232 66.18 0 1 3 4 3.22 1.75 2.25 1 13 4
61.136 53.035 42.946 55.528 7.32 1 0 2 1.8 1.14 3.25 5.8 1 8 1
44.216 48.911 46.52 50.832 49.7 1 1 5 2.36 3 0.7 3.67 1 6 1
46.516 51.414 71.684 54 56.33 0 0 0 4.33 7.67 9.5 6.33 1 9 3
36.228 38.529 40.373 33.139 49.7 -999 0 1 4 3.37 4.42 2.59 0 7 3
37.987 39.633 40.086 55.747 66.18 7 0 3 4.33 3.33 5 4.86 0 12 3
47.465 42.063 44.662 59.132 61.32 2 1 6 2.22 4.5 4.43 5 0 10 3
58.836 60.692 58.101 53.89 49.7 4 1 4 6.33 6.71 6 7 0 10 3
63.303 54.802 62.677 55.638 70.6 3 1 6 8.87 6 8 9.43 0 10 4
40.154 58.337 51.382 67.761 56.33 1 1 5 5.56 4.67 5.5 7.12 0 11 2
43.944 40.811 31.079 33.139 56.33 3 1 2 2.87 1 6.25 2.75 0 -999 2
54.775 61.871 55.672 60.77 66.18 3 1 3 7.44 6 6 7 0 13 3
41.779 42.063 42.66 41.658 27.41 2 0 2 6.36 6.2 10 8 1 7 3
61.136 66.583 55.243 60.77 49.7 2 1 3 9.2 9.5 9 9.87 0 12 3
48.14 58.337 64.535 55.747 20.26 0 1 -999 1 4 4 3.5 1 7 1
65.468 59.809 46.664 49.63 70.6 3 1 1 7.67 6.25 5.5 5.5 0 11 3
48.412 35.584 45.091 50.504 27.41 2 0 5 2.75 1.8 3.94 3 1 -999 3
48.546 63.049 60.532 55.528 66.09 3 1 2 2.6 3.5 3.33 3.33 1 12 4
33.385 50.384 40.086 40.894 66.18 2 1 1 7.25 6.5 3.5 8.75 0 13 -999
39.883 40.002 41.802 38.381 61.32 1 1 0 3.25 5.5 4.67 4.83 1 12 2
43.944 52.445 46.807 45.153 70.6 1 1 2 3.5 4 2.5 4.75 1 12 4
36.499 39.191 39.944 39.145 20.26 2 1 -999 0.78 0 2 0 1 9 2
46.516 41.915 33.51 26.913 27.41 1 0 2 3.4 1.67 2.25 4.33 1 8 3
63.709 53.55 55.814 62.519 20.26 1 0 2 6.87 8 8 8 0 -999 3
35.822 45.008 31.794 40.02 56.33 0 0 4 4.78 3 4.25 5 1 10 3
67.499 70.044 71.97 67.761 66.09 1 1 2 7.6 4.25 6.6 6.5 0 10 4
59.105 53.698 51.238 48.539 15.57 3 0 8 10.4 9.12 9.87 10.5 0 4 3
61.272 65.331 62.39 48.757 70.6 1 1 0 6.12 5.75 6 5.37 0 11 5
32.573 38.013 35.655 40.456 66.18 1 1 2 5.86 5.12 4 5.5 1 11 3
65.334 67.761 71.397 67.761 66.09 2 1 5 8.33 8 9.22 9.56 1 12 5
43.81 53.918 42.517 48.757 66.18 1 1 3 6.5 7 10 7 1 12 4
48.412 52.887 48.951 49.413 66.09 2 0 3 4.27 7 5.5 5 0 11 5
53.556 48.911 42.946 48.757 56.33 0 1 -999 3.6 3.83 1 2.89 1 13 2
46.246 44.566 55.527 57.276 56.33 2 1 3 3.67 4.33 3.5 3.37 1 9 3
39.748 38.602 56.814 45.59 15.57 3 -999 3 7.75 5.75 6.67 8 0 11 3
48.546 48.469 49.094 44.388 66.09 4 1 7 8.64 4.67 6.5 8.1 0 15 5
67.499 67.688 66.966 63.392 66.09 2 1 2 6.87 5.37 7.87 7.5 1 12 5
67.499 62.975 55.672 60.77 70.6 4 1 2 8.75 10.17 8.4 8.5 0 11 6
67.499 64.153 64.821 62.519 70.6 7 0 3 8.12 5.83 7.37 8.56 0 12 5
41.642 40.885 46.664 49.413 70.6 1 0 2 4 6 3 3.37 1 7 3
61.272 56.053 55.814 49.63 81.87 0 1 5 8.37 7.5 7.5 7.25 1 14 5
64.25 57.305 57.959 49.63 70.6 4 1 2 8.25 8.5 9 8.5 0 12 5
59.242 64.227 60.245 55.638 66.18 1 1 2 7.25 8.37 8 7.2 1 9 5
52.473 58.337 44.52 54.764 66.18 5 1 4 8.78 7.25 6 9.29 0 11 3
44.079 44.345 45.662 48.647 7.32 0 0 -999 2.5 2 5 1 1 10 3
54.775 58.337 53.527 48.647 66.18 2 1 2 3.5 3.86 6.29 5.62 0 12 3
56.94 53.698 64.679 57.385 20.26 2 1 3 3.37 2 2.5 2 1 8 3
56.805 56.053 60.103 60.77 27.41 0 1 3 8.9 7.75 9.33 11 1 8 2
58.836 61.797 53.383 67.761 66.18 2 1 5 8 10 8.9 9.5 1 13 4
48.412 57.232 55.527 62.519 66.09 2 1 8 5 7.33 3.25 6.5 1 12 3
35.551 34.921 33.51 36.634 20.26 -999 1 -999 0 -999 1.67 0.33 0 3 1
42.185 42.063 46.52 60.77 66.18 1 1 2 7.33 5.5 8 5.14 0 7 3
53.826 46.775 49.094 52.034 66.09 3 0 2 6.87 8 5 9.36 1 8 4
50.848 46.702 55.672 48.647 66.18 3 1 5 5.5 5.25 3 3.5 0 11 4
61.136 67.835 62.39 69.508 66.18 3 1 4 9.5 8.5 9 9.2 1 12 4
58.971 56.053 57.959 52.251 56.33 4 1 3 3.14 6.5 1.5 2 1 11 3
33.52 36.172 36.513 38.162 56.33 0 1 2 3.14 1.75 1.43 1 1 9 2
56.94 47.954 46.664 62.519 56.33 1 1 3 6.5 7 8 8 0 9 3
67.499 65.331 73.686 67.761 70.6 5 1 7 10 10.17 9.8 10.56 0 12 5
41.914 40.885 44.52 45.153 20.26 1 0 0 5 4.67 4 3.22 0 6 1
40.018 44.345 45.091 49.194 20.26 1 0 3 3.75 3 2.33 5.12 1 9 3
50.442 57.379 46.52 50.504 70.6 1 1 4 8.58 7.17 4.33 6.89 0 10 4
58.971 58.337 60.103 64.266 20.26 1 1 2 9.8 6.25 8.5 11 1 8 3
45.434 44.861 40.944 42.204 61.32 2 0 3 2.62 2.5 3 3.75 1 7 3
29.459 40.296 41.231 34.013 -999 -999 0 -999 0 0 0 0.4 1 3 2
56.805 39.706 42.375 35.541 7.32 2 0 4 7.25 8 7.25 8 0 3 1
63.303 53.623 51.382 55.528 61.32 1 1 5 7.25 8 8.5 7.75 0 11 3
65.334 57.158 66.966 55.747 66.18 6 1 5 8.25 8.5 8.4 7.25 0 12 6
44.079 44.199 44.52 50.396 66.18 1 1 2 5 4.4 4 3.8 0 10 3
43.403 45.229 37.799 30.954 20.26 0 1 -999 3.12 3.17 1.5 3.29 1 7 3
61.136 51.414 58.387 57.385 27.41 2 1 -999 3.71 4.6 4.5 4.2 0 10 3
48.546 46.629 49.523 48.757 -999 7 1 4 8.11 9.12 7 9 1 5 3
61.136 62.092 51.238 57.494 61.32 2 0 4 9.8 5 5 9 0 11 3
56.94 58.631 44.52 55.528 20.26 5 1 6 6.87 6.62 3.25 6.83 1 8 2
61.136 59.662 57.959 55.528 70.6 1 1 3 9.25 10.56 8.33 10.83 0 10 4
55.044 53.698 51.096 50.396 70.6 2 1 2 10.67 10 8 8.5 0 12 5
46.246 41.179 44.662 32.156 32.45 3 0 7 7.62 6.57 4.75 9 0 8 3
46.246 37.277 55.672 60.881 66.18 5 1 4 3.37 2 3 2.17 1 12 3
40.154 38.455 40.802 40.02 20.26 4 1 2 8 6.5 4 6.5 1 11 3
38.8 -999 36.226 36.962 -999 -999 0 3 8.86 5.6 6.5 6.8 0 1 3
33.657 39.706 45.52 50.504 15.57 4 1 5 6.2 7 8 6.5 0 3 1
61.272 58.337 49.38 64.485 66.09 3 1 5 9 8.25 6.5 8.8 0 10 5
54.638 50.531 59.961 54 58.01 4 1 3 6.5 5 8 6 0 10 3
54.638 36.761 40.086 43.624 27.41 4 1 3 4.25 4.33 5 3 0 7 1
54.638 44.493 42.66 50.504 20.26 1 1 1 5 5 5 2.27 1 9 2
35.687 42.357 42.231 38.054 15.57 -999 0 -999 0 0 0 0 0 5 3
42.997 50.163 46.664 52.034 49.7 2 1 3 7.82 7.18 8.55 6.85 0 8 3
61.136 66.583 56.1 60.881 56.33 2 1 4 8.56 9 8.5 8.75 0 7 2
65.468 68.866 62.677 67.87 66.18 1 1 7 5 8 6 6 0 12 4
50.577 50.457 44.091 48.647 7.32 5 0 3 -999 3.67 3.25 3.29 1 7 2
60.46 51.489 45.662 55.966 61.32 4 1 1 7.57 5.67 8.67 6 0 14 3
48.277 51.414 46.52 47.009 66.09 4 1 4 7.6 4 6.5 6.46 0 12 4
61.136 64.153 62.677 58.259 81.87 1 1 5 9.1 7.37 6.67 6.5 0 14 6
44.216 45.082 53.956 50.504 27.41 5 1 4 0 0 5.5  1 12 2
63.303 50.016 48.951 62.736 58.01 1 1 -999 3.14 4.8 3 4.5 0 11 3
48.412 63.196 62.39 60.77 66.09 4 1 3 9 8 10 9.67 1 11 4
58.971 57.747 53.956 54.655 66.18 4 1 5 6.87 5.37 7.25 4.5 1 10 4
63.167 52.666 58.387 64.266 66.18 5 1 4 7.85 7.37 7.25 7 1 11 3
61.136 63.049 55.956 57.494 81.87 4 1 6 9.22 7.75 8.25 10.14 0 15 6
63.167 62.975 62.39 55.638 56.33 2 1 6 7.57 5.75 8 7 1 -999 5
44.216 45.597 37.799 33.903 56.33 2 0 6 7.25 8 5 7.5 0 8 3
-999 -999 -999 -999 56.33 1 0 2 2.55 4 0.67 1.58 1 8 2
29.189 43.241 35.368 49.413 20.26 1 1 -999 4.25 3 4 4 1 10 1
46.246 42.211 40.086 48.757 32.45 1 1 3 8.6 7.25 10.25 8.17 0 10 3
63.167 64.153 -999 -999 66.09 1 0 5 6.33 6.71 5.75 5.5 1 11 4
58.971 50.163 57.959 57.494 56.33 3 1 4 5.75 2.33 5.5 6.33 0 -999 2
67.499 60.766 60.245 59.023 70.6 5 1 5 9.86 9.25 9.33 10.5 0 10 4
63.438 66.51 67.108 69.508 15.57 1 0 0 3.87 6.33 4.8 4.5 1 6 3
48.412 39.781 31.223 57.494 66.09 3 0 8 7.25 8 8 8.67 0 6 3
54.638 58.41 48.809 66.123 7.32 1 1 1 6 6.8 8.5 8.75 1 10 2
35.822 38.529 45.949 39.145 7.32 1 0 6 5.12 3.75 6 3.67 1 6 1
63.303 67.982 67.108 64.266 66.09 2 1 6 3.25 5 7.12 6 1 12 4
53.691 44.272 53.527 47.009 27.41 1 1 6 3.75 2.75 5.17 6.12 1 10 3
33.657 42.063 35.797 50.504 49.7 2 1 -999 -999 4 1 5 0 13 3
37.718 52.593 56.385 50.286 56.33 1 1 2 3.57 5.17 5.8 2.44 1 11 2
56.94 57.6 53.383 50.286 49.7 2 1 4 8 9 6.5 9.5 0 8 3
46.381 44.861 60.245 59.132 66.18 1 1 3 5 5 3.5 4.4 1 11 3
37.853 39.706 46.949 39.145 56.33 1 -999 2 6.12 2.37 3.75 4.62 0 -999 2
63.167 69.013 66.966 66.887 66.09 3 1 3 10.62 10.62 10.7 11 1 12 3
61.272 55.98 51.096 59.023 49.7 2 1 7 5.56 6.8 7.14 9.33 0 11 3
50.577 48.984 48.809 52.798 58.01 1 1 2 4.25 3.12 6.5 9 1 12 3
61.136 51.341 71.542 67.761 56.33 3 1 3 9.5 7.62 7.62 10.5 1 12 3
29.459 33.89 29.079 27.022 15.57 -999 1 -999 -999 0.75 0.5 0 1 7 1
48.412 45.45 49.094 46.136 81.87 7 1 8 5.1 2.67 5.67 5.67 0 13 6
52.608 48.396 44.375 39.255 66.18 4 1 4 7.76 6.29 5 6.87 0 12 4
-999 -999 -999 -999 56.33 2 1 8 8.75 7.25 8.75 8.75 1 10 2
58.971 47.88 60.103 60.881 56.33 0 0 2 2.56 0.78 1.2 2.25 1 8 3
63.438 64.153 60.245 62.519 61.32 5 1 8 6.37 5.5 5 6.78 1 11 4
50.577 49.059 49.238 41.877 66.09 3 1 4 7 6.87 8.6 9.5 0 10 4
52.879 45.597 40.086 45.262 7.32 2 1 2 5.5 6.83 5 6.83 0 11 2
29.324 52.519 44.52 50.504 20.26 -999 0 -999 0.67 0.5 0.14 0.2 0 12 3
46.516 36.467 44.375 42.641 20.26 2 1 5 10 8.5 -999 9 0 6 2
46.11 62.239 49.094 55.747 61.32 3 1 3 6.93 7.25 6.33 9.67 1 10 2
50.713 61.871 53.669 60.77 56.33 3 1 2 6.87 7.25 6 5.25 1 9 3
65.468 50.163 42.088 52.034 66.09 3 1 8 8.12 6.75 7.11 7.57 0 14 4
54.775 61.944 53.527 57.276 56.33 2 1 3 6.5 2.5 5 7.25 0 11 4
37.853 35.288 40.23 32.702 25 4 0 6 2.5 3.14 4.67 1.75 0 3 1
63.167 60.766 57.959 60.881 56.33 2 1 -999 3.5 4 2.67 1.4 1 11 5
65.468 47.733 55.527 59.023 20.26 4 1 6 3.86 1.75 4.8 5.5 1 10 2
57.075 56.348 64.679 53.89 56.33 1 1 3 5.75 5.17 6.75 5.57 1 10 2
46.381 47.88 46.807 55.747 56.33 2 1 2 8.92 4.5 5.5 6.83 0 10 2
52.608 45.303 44.375 50.396 66.09 1 1 1 2.75 4.5 2.33 5.33 1 11 4
56.805 57.158 49.094 57.494 66.09 2 1 8 5.12 3.89 5.67 5.5 0 11 3
-999 -999 -999 -999 66.09 2 1 0 3.5 8 6 3 1 9 2
61.001 60.692 57.672 52.034 66.09 2 1 2 10.56 4.67 9 10.33 0 12 4
56.94 41.915 46.52 47.883 56.33 1 1 3 9.65 7.25 8 9 1 10 2
52.879 40.885 48.809 45.917 20.26 2 1 3 10.4 9 10.25 11 0 9 2
40.83 37.645 46.52 33.139 66.09 3 1 8 4.11 5.83 3.5 2.5 1 10 3
56.805 59.514 53.383 59.132 56.33 2 1 5 9 5.75 10 9 0 10 3
46.246 37.497 35.512 36.524 66.18 1 1 4 4.25 3 2.75 5.75 1 11 3
54.775 51.635 44.52 52.362 49.7 1 0 5 6 8.75 10 9.5 0 6 2
-999 -999 -999 -999 81.87 4 1 5 10.62 10.62 11 10.57 0 14 6
50.983 64.301 64.679 59.46 81.87 2 1 4 2.8 6.5 4.5 2 1 15 6
40.154 40.002 42.946 41.658 15.57 -999 1 -999 0 0 0.5 0.5 1 5 3
50.577 59.514 62.39 55.528 66.18 2 1 4 7.62 8.25 9.67 8.25 1 11 3
65.334 67.688 64.679 64.266 81.87 7 1 5 11 9.2 7 9.87 0 14 6
-999 -999 -999 -999 7.32 5 1 3 5.78 3 7 8.6 1 8 2
54.909 54.875 53.527 59.023 66.18 2 1 2 10.62 7 8 8 0 11 3
56.805 57.232 59.532 50.396 56.33 2 1 5 8.75 9.12 8.37 11 0 10 3
52.608 48.911 42.088 57.385 56.33 1 1 1 4 3.25 3.25 4 0 11 3
50.442 53.918 55.672 62.519 56.33 2 1 3 3.87 3.75 3.5 5.75 1 11 4
32.032 40.002 35.655 40.784 27.41 1 0 3 7.84 4.5 5 5.43 1 -999 1
56.805 63.122 53.383 62.519 81.87 2 1 1 7.25 7.5 8 7.25 1 12 5
54.909 59.883 58.101 59.023 56.33 5 1 0 5.5 6 8.25 6.75 1 10 3
52.744 55.096 51.096 53.781 66.09 3 1 3 8.43 9.5 6.29 10.5 0 7 3
37.987 43.462 35.655 48.647 70.6 3 1 2 4.87 7.62 5.67 6.29 1 14 5
51.526 51.341 55.527 59.132 70.6 1 1 -999 2.5 1.67 2.5 2.5 0 10 4
63.303 63.122 69.253 64.266 61.32 1 1 4 9.2 7.67 7.25 7.83 1 11 2
67.499 67.761 69.253 66.013 56.33 7 1 6 10.25 10.2 10.25 9.71 0 14 4
48.412 45.745 62.534 43.405 66.09 3 1 4 7.3 9 8.62 8.5 1 11 5
54.775 56.127 55.672 59.242 66.18 2 1 7 8.12 8.33 8.17 6 0 11 2
67.499 67.761 73.829 67.761 66.18 4 1 4 9.59 11.5 11.2 9.37 1 14 6
35.687 38.16 46.807 43.405 20.26 -999 1 -999 -999 -999 -999  0 8 1
46.246 47.807 51.096 32.156 15.57 3 1 3 6.37 6.33 3.75 7.29 1 6 1
44.079 44.345 48.809 42.532 66.18 1 1 0 5.75 3 4 6 1 -999 2
50.442 61.871 57.816 53.781 66.18 3 1 3 3.56 3.29 3.5 4.4 1 11 4
57.075 57.526 53.527 48.757 20.26 1 1 2 10.25 6.5 11 11 1 10 4
65.334 70.339 66.966 64.266 61.32 4 1 6 8.12 8.29 8 8.43 0 14 3
65.334 59.662 48.809 63.392 56.33 3 1 5 10.25 10.5 10.5 10.25 0 11 3
63.303 48.984 58.53 45.262 58.01 2 0 5 3.62 3.83 2.5 4.37 0 8 3
67.499 68.866 66.966 64.266 66.09 3 1 7 8 8.5 8.56 9 1 12 4
37.718 40.811 46.807 45.371 20.26 1 1 2 2.67 5 3.67 3 1 9 1
46.246 35.068 37.942 32.265 15.57 0 1 4 4.5 2 5.33 3.83 0 8 2
37.987 51.341 35.512 46.9 66.09 5 0 3 8.25 5.83 4.87 8.62 0 14 5
35.822 40.811 39.944 47.009 56.33 3 0 2 8 6.57 4 2.2 1 9 3
37.853 47.88 60.103 52.251 66.18 1 1 2 7 5.75 8.5 6.14 1 10 3
39.612 39.854 41.802 50.504 20.26 2 0 3 4.56 4.17 3 5.33 1 8 2
39.883 38.602 35.368 26.913 66.09 1 0 -999 4.25 5 2 5 0 5 3
67.499 68.94 60.39 67.761 81.87 4 1 2 11.12 11 10.37 10.78 0 13 6
50.577 43.241 39.944 46.9 56.33 1 1 -999 -999 -999 -999  1 11 3
35.551 48.175 51.811 35.76 27.41 -999 1 -999 2 1 2.5  1 7 3
65.334 65.405 65.537 64.485 66.09 7 1 8 9.87 7.5 5.67 9.17 1 -999 6
61.136 53.623 53.383 60.77 66.09 7 1 3 5 3.17 5 6.5 0 11 4
65.334 67.688 73.829 66.013 66.09 7 1 5 8.71 8.87 8.71 8.5 1 11 5
61.136 54.36 51.096 55.747 56.33 2 1 3 8.75 6.5 8 8 1 10 3
42.049 48.543 38.086 40.894 66.09 3 1 -999 0.25 0.83 0 0.289999999999998 1 11 3
63.167 60.766 71.684 57.058 66.09 2 1 7 7 8.6 6.75 9.25 0 14 6
65.334 64.448 69.968 66.123 81.87 2 1 2 5.75 4 4 5.75 0 12 5
64.25 65.479 57.816 57.385 81.87 2 1 3 5.75 6 6.17 5.43 1 15 6
67.499 67.982 62.534 67.761 70.6 3 1 6 10.5 10.33 10.7 10.25 0 13 5
43.944 56.127 53.527 50.504 20.26 2 1 4 5.75 7.14 7 7.4 0 10 3
54.638 62.975 48.951 52.034 70.6 1 1 0 4.5 3 4.75 4.67 1 11 5
42.861 39.706 51.382 51.269 56.33 3 0 4 5.25 5.12 7.25 6.17 0 8 3
56.94 53.992 69.253 60.115 70.6 2 1 3 10.5 8.62 10 9 0 12 5
23.098 43.536 35.797 34.013 20.26 1 0 2 5 2 2 4 1 9 3
53.285 43.241 58.101 53.126 15.57 2 1 2 7.12 3.5 6.17 6.22 1 7 2
32.438 46.85 36.37 39.037 20.26 5 0 3 4.9 5.5 5.14 4.87 1 10 2
46.246 39.706 51.238 40.566 49.7 2 1 3 6.67 3.67 3 4 0 8 3
52.608 46.629 44.662 50.286 20.26 2 0 -999 6.67 1.83 4.17 7.5 0 4 2
48.277 63.122 37.799 39.255 81.87 2 1 6 8.6 8.48 8.65 9.08 1 13 6
41.642 46.85 52.096 45.262 58.01 2 1 5 9.12 7 7.5 9 0 10 1
41.779 41.179 39.944 38.272 56.33 1 1 2 2.13 0.62 0.87 0.4 1 6 2
48.546 47.733 49.094 55.638 56.33 2 1 1 4.25 5 6.5 5.86 1 11 2
33.791 40.885 40.23 31.282 66.18 3 0 -999 0.289999999999998 -999 3.33 0 1 8 3
43.944 43.168 44.662 48.539 20.26 4 0 1 2.25 0.91 3.5 3.3 1 2 1
50.713 40.443 40.944 45.262 58.01 0 0 -999 0 0 0.75 0.5 1 11 3
44.216 44.641 37.513 41.549 20.26 2 1 3 8.25 9 7.5 8.17 0 10 2
46.787 43.168 53.383 50.396 49.7 2 0 4 5 2.83 3.5 4.67 1 11 2
56.94 37.277 51.667 36.634 32.45 2 1 1 6.5 3 5 5 0 10 3
48.14 59.588 64.679 49.63 56.33 5 1 4 9.5 4.62 6.5 7.62 0 7 3
46.381 52.445 55.814 52.143 49.7 1 1 2 6.14 5.75 5.75 5.62 1 12 3
58.971 64.227 60.39 59.132 81.87 5 0 8 10.5 8.5 10.4 9.33 1 12 5
46.381 55.17 46.664 42.422 -999 -999 0 2 1.29 0.4 0.4 0.67 0 6 3
52.744 66.583 49.238 51.269 56.33 1 1 2 4.5 6.5 4.75 3.57 1 7 3
52.744 67.761 62.39 52.034 61.32 2 1 6 6.56 5.5 5 6.43 1 -999 4
54.503 51.268 53.956 60.77 56.33 3 1 5 3.75 2.8 3.2 4.14 0 11 2
61.001 47.954 49.238 59.242 66.18 4 1 2 6.14 7.25 7.2 5.89 0 7 3
41.102 42.063 51.382 47.883 56.33 1 1 2 7.87 8 6.5 6.33 1 11 5
56.805 63.27 55.527 47.009 66.09 4 1 4 9.8 11 10.25 9 0 11 3
37.447 49.059 46.807 39.255 27.41 1 0 5 2.5 6.33 3.8 5.83 1 8 1
50.307 42.063 49.094 46.9 15.57 1 1 2 5.5 9.5 5 7.25 0 5 2
50.713 42.799 39.944 50.286 20.26 1 1 2 2.45 2.67 4.17 6.2 1 11 4
44.216 51.341 49.094 50.286 27.41 3 1 3 8 4.37 9.12 7.87 1 9 3
46.516 41.106 47.093 55.638 66.09 1 1 2 6.5 3.5 3.29 5.14 0 11 3
-999 -999 -999 -999 61.32 3 -999 7 5.75 5 5 5.86 0 9 3
48.277 50.236 55.672 57.822 15.57 -999 1 -999 1.75 2.33 1 0.5 1 6 2
37.718 43.094 48.809 43.405 61.32 2 1 4 6.12 3 4.57 5.87 0 12 3
58.971 53.698 55.814 67.761 27.41 3 1 4 7.25 6.6 9.4 10.5 1 10 2
54.909 61.944 60.103 58.259 66.18 4 1 2 9.86 10.25 9.1 10 1 11 3
65.334 65.626 62.677 59.023 27.41 2 1 7 7.25 4.37 7.57 11 0 12 2
48.277 48.027 39.801 56.511 56.33 2 0 2 6.5 2 7 9.5 1 7 2
63.438 63.049 64.679 64.266 81.87 0 1 3 7.4 6.2 7 6 1 14 6
63.167 62.165 62.534 59.46 81.87 3 1 6 5.75 6.5 7.25 7 0 12 6
56.94 45.45 59.961 66.013 66.09 1 1 1 5 3 6.25 5.67 1 9 3
58.971 52.519 57.816 47.009 27.41 6 1 4 9.5 8.5 6.83 7.14 0 12 3
61.136 52.74 60.39 53.89 81.87 1 1 7 9.5 8 7 8 0 12 4
61.136 60.766 64.679 55.528 66.09 5 1 5 8.6 9.87 9.5 9 0 13 4
52.608 52.961 57.816 55.747 27.41 1 1 3 7.81 7.41 6.6 8.56 1 9 3
45.975 47.807 53.669 47.009 20.26 2 1 5 2.3 6.2 3 3.75 0 9 2
56.94 59.514 55.814 48.647 61.32 1 1 -999 2.25 4.75 1.17 0.5 0 5 3
65.334 65.479 69.11 67.761 81.87 0 1 -999 3.5 1.33 2.6 2.5 1 11 5
42.32 58.557 55.814 47.009 27.41 7 1 8 7 2 3.5 6 0 8 3
44.35 46.554 37.799 44.934 25 1 1 -999 2.67 4.33 6 2 1 8 2
44.485 36.099 44.662 39.145 61.32 3 1 6 4 3 5.25 3.8 0 10 3
58.836 54.728 41.946 43.405 66.18 3 1 8 10.78 7.33 7.33 9.75 0 12 2
52.608 46.996 53.527 45.917 66.18 2 1 5 2.78 2.5 4 2.33 0 8 3
46.381 50.384 64.821 55.638 70.6 2 1 1 8 5.57 7.25 7.5 0 5 2
35.822 41.474 42.088 50.396 66.09 3 1 3 2.25 3.5 5 5 1 2 2
61.136 70.044 67.395 64.266 58.01 6 1 7 9.33 9 9.5 9.3 0 11 4
63.303 53.698 64.679 60.989 66.18 4 1 5 8.75 5.89 7 7.71 1 12 5
65.334 65.405 62.534 69.508 66.18 3 1 3 8.37 7.75 8.5 10.2 1 14 4
42.049 43.315 42.231 37.398 66.18 2 1 5 3.87 3.12 3.17 3.17 1 12 4
65.468 60.766 66.823 66.013 20.26 4 0 7 8 9.3 8.33 10.29 1 10 3
67.499 65.479 65.25 62.955 58.01 3 1 2 8 7.25 8.75 9.33 0 11 3
39.883 39.56 35.797 42.422 58.01 1 0 2 8.67 6 8.14 7.33 0 5 3
39.748 59.735 55.814 52.034 66.18 1 1 8 9 7.62 9.12 8.5 1 11 4
59.105 65.405 56.385 57.385 66.09 2 1 3 9 7.75 6 7.6 0 13 4
54.503 39.706 43.518 47.228 81.87 7 1 5 9.12 5.57 6.6 8 0 9 3
52.744 53.329 53.383 53.89 66.18 2 0 2 3 2.4 3 7 1 11 3
58.971 42.063 55.956 55.528 61.32 3 0 5 5.6 3 4.57 6.12 0 9 3
46.246 50.163 51.096 60.989 15.57 0 1 -999 3.33 -999 0 0 1 5 2
58.971 49.132 60.103 50.504 56.33 1 1 2 8 6.12 7 10 0 9 3
67.499 71.222 71.542 64.702 61.32 3 1 2 10 9.33 10.67 10.67 0 10 3
65.468 60.692 58.101 57.494 61.32 4 1 3 3.62 4.25 6.5 6.29 1 13 4
50.171 66.583 58.387 57.385 56.33 2 1 5 7.5 8 8.75 8 0 13 3
54.503 58.337 51.096 50.396 66.18 2 1 2 4.25 5 5 7 0 11 3
65.334 69.013 73.829 60.989 81.87 3 1 5 9.12 8.62 9.8 8.25 0 15 6
58.971 59.514 55.814 46.026 66.18 1 0 4 7.5 7.62 7.67 7.17 0 6 3
48.277 50.457 55.243 54 15.57 1 1 4 2.09 2.33 1 4.86 1 6 3
58.971 53.992 48.951 55.528 61.32 2 1 2 9.27 6 8 7.5 0 11 4
38.394 46.775 45.377 46.026 32.45 3 0 4 5.37 3.14 2.75 6.25 0 3 3
63.303 59.441 57.959 60.881 66.09 4 0 3 6.75 5.33 7.75 7.33 1 12 4
46.11 47.807 51.096 53.89 66.09 1 1 1 5.75 5 5 5.6 1 10 3
63.167 70.044 64.821 64.266 70.6 7 1 -999 8.4 9.6 -999 9.8 0 9 4
63.438 67.761 57.959 64.266 58.01 3 1 5 10.25 8.25 10.25 10.25 0 12 4
65.334 64.227 69.11 67.761 70.6 3 1 4 7.75 8.2 6.75 8.12 1 12 4
48.14 36.246 49.094 45.262 61.32 1 1 -999 3.12 3.43 2.33 4.33 0 10 3
39.883 38.602 44.804 46.026 15.57 1 1 1 5.2 2.25 3 4.4 1 7 2
40.561 37.645 49.38 35.651 56.33 1 0 5 2.44 0.57 1.56 1 1 10 1
40.018 36.32 37.942 29.535 66.18 -999 1 -999 0.67 -999 0 0 1 7 2
35.687 37.939 31.223 38.381 66.09 4 -999 5 2.17 1 2.5 4.5 1 11 3
58.971 48.911 53.383 40.128 66.09 7 1 6 1.33 4 3 1 1 13 3
27.294 33.595 31.366 38.272 7.32 2 0 2 2.33 1.67 2.4 1.29 0 8 1
65.334 55.98 60.674 64.266 49.7 3 1 4 7.4 7 7.7 7.87 1 9 3
59.105 47.88 48.809 47.009 32.45 2 1 2 8 6.33 5.5 7.67 0 10 3
61.136 42.063 48.951 66.123 66.18 2 1 4 8.75 9 5.83 9.4 0 13 3
49.901 39.633 48.809 50.396 27.41 1 1 2 8 6.5 6.5 7.73 0 8 3
63.167 55.98 64.679 64.375 66.18 3 1 3 8.6 5 5.37 7.67 0 12 3
44.216 37.645 44.52 45.153 66.09 1 0 3 4.5 5.25 6 4.5 0 11 3
57.075 54.213 51.525 45.043 61.32 -999 1 2 8.37 8 9 10 0 10 2
56.805 46.775 60.103 59.242 70.6 2 1 2 7.12 6.46 6.98 7.7 0 10 4
65.334 65.405 69.253 62.519 81.87 5 1 6 8.65 7.25 9.67 9.17 0 15 6
67.499 60.692 60.103 64.266 66.09 6 1 3 8.75 7.57 8.75 9.2 0 12 5
36.769 37.645 37.084 34.777 66.09 3 0 -999 1.33 5 0.38 1.18 1 6 2
48.277 47.659 51.382 52.907 15.57 2 1 2 8.37 5.17 7 4.6 0 5 2
38.936 50.163 48.951 59.46 66.18 2 1 2 8 8 6.36 11 1 11 3
52.608 52.519 57.959 53.89 66.18 1 1 2 6.12 6.5 5.17 5.17 1 12 4
65.468 59.367 51.954 62.519 58.01 1 1 3 8 8.9 10.14 10.67 1 -999 2
59.105 52.519 47.236 51.16 58.01 5 1 6 8.5 5.75 8.2 8.14 0 8 3
52.338 61.871 53.383 52.034 66.09 2 1 4 8.33 8.75 7.5 8 0 11 2
61.001 60.692 57.959 66.013 66.18 6 1 3 9 8.09 9 9.6 0 -999 5
-999 -999 -999 -999 56.33 3 1 2 5.37 5 4.25 3.87 1 8 3
65.334 57.158 66.966 57.276 66.09 1 1 2 8.37 8.5 9.5 7.5 0 9 3
52.608 42.284 42.231 50.504 7.32 1 1 1 7.5 9.22 7.25 6.43 0 10 3
52.608 49.132 60.245 46.9 32.45 2 1 6 2.89 2.67 2.8 1.87 1 10 3
37.987 32.638 38.086 33.03 -999 -999 0 0 -999 -999 4 6.5 0 5 1
46.381 63.122 60.103 54 70.6 1 1 1 6.2 3.4 3.5 6.12 1 15 4
65.334 62.534 64.821 64.266 20.26 5 1 3 9 8.33 8 9.1 0 11 2
63.167 57.232 66.823 62.628 15.57 3 1 5 9.37 7.33 10 9.67 0 6 3
50.442 37.351 40.515 45.153 20.26 -999 0 -999 2.5 0 -999 1 1 9 1
53.15 41.179 46.091 48.647 70.6 3 1 2 7.75 3.67 5 8 0 10 4
61.136 57.158 48.809 55.528 15.57 3 1 2 7.6 4.5 5 6 0 11 3
-999 -999 -999 -999 66.18 1 1 2 4.12 4.14 4.17 3 0 9 2
46.246 41.99 46.664 64.266 20.26 2 0 4 3 3.4 2.25 7.67 1 7 1
37.853 43.168 37.799 40.894 56.33 5 1 0 -999 0 2 0 0 10 1
63.303 41.032 58.387 55.747 66.09 7 1 6 6.91 2.4 7.46 6.7 1 14 6
35.822 35.142 45.806 35.76 66.18 1 1 3 5 1.5 3.67 5 1 11 5
63.303 50.531 42.517 40.894 61.32 2 1 4 7.62 7.14 7.25 7.67 0 11 3
48.412 51.635 48.951 51.269 81.87 4 1 5 6.6 5.82 7 6.62 1 14 6
33.657 44.641 48.951 50.504 15.57 3 1 0 7 3.5 1.33 2.33 1 6 3
39.748 37.424 36.226 37.398 66.09 6 1 -999 4.17 6.5 6.5 5.33 0 3 3
58.971 70.118 60.532 60.77 70.6 7 1 5 9.5 9.8 10 8.94 0 13 4
54.909 50.089 46.807 54.655 81.87 2 1 2 7.75 4.67 7.17 8.14 1 14 6
30.677 45.45 53.812 53.345 32.45 4 1 4 4.22 6.87 5.25 6.25 1 11 3
58.971 56.201 53.24 57.494 32.45 1 1 2 9.12 9.5 8.83 9.87 0 4 2
54.638 50.089 51.096 55.747 27.41 5 1 7 9.12 7.62 8.5 9.5 0 7 2
63.303 60.766 55.814 59.242 66.18 2 1 2 8.2 5.5 10.25 10.4 0 10 2
50.577 43.094 49.094 47.009 58.01 2 0 3 8.67 8 9 10 0 7 2
61.136 56.053 46.664 47.774 56.33 1 1 3 8 5.67 3.75 8.5 0 10 3
34.332 37.645 35.512 34.777 56.33 1 0 -999 0.33 -999 0 0.5 0 8 2
35.416 36.761 35.941 40.894 56.33 1 0 3 2.5 1.5 2.2 2.67 1 -999 3
50.577 64.301 53.383 36.415 15.57 2 1 3 8.3 7.5 6.5 7 0 9 2
61.136 59.809 48.809 52.143 66.18 3 1 3 4 3.25 5 2 0 10 3
33.657 38.602 46.807 24.183 -999 1 0 2 2 2 5.75 1.33 0 3 1
52.608 57.305 53.383 52.143 81.87 -999 1 5 4.25 5 2 6.5 1 12 3
45.84 39.633 53.527 46.9 70.6 2 1 2 10.62 10.25 11 10.25 1 12 5
50.307 52.887 46.664 64.266 61.32 0 1 0 4.67 4.67 3.17 3.08 0 9 2
50.713 38.529 37.942 46.136 70.6 3 0 4 6.62 6.37 5.5 7.86 0 11 3
35.687 57.158 31.079 48.866 66.18 1 1 3 3 5.6 5 5.2 1 10 2
40.154 47.659 46.664 42.641 15.57 3 0 2 6.12 2.83 3.8 4.62 0 15 1
58.836 68.866 55.672 64.266 70.6 2 1 2 8 9.5 7.37 9.14 1 8 3
65.334 58.631 60.819 67.761 56.33 0 1 0 8.25 6.25 6.5 8.3 1 11 2
54.775 50.31 51.382 57.494 25 4 1 5 3.36 3 4.57 3.17 0 5 1
44.216 37.277 28.792 44.388 27.41 2 0 3 6.5 5 4 8.75 0 9 1
52.473 57.158 58.245 54 66.18 3 1 2 5.75 8 7.25 6 1 13 4
65.334 71.222 69.11 64.266 15.57 3 1 3 10.75 10.1 10.08 10 0 6 2
52.473 55.98 53.956 55.747 49.7 1 1 3 2.75 1 4.33 3 1 11 2
44.216 35.215 47.093 39.037 70.6 5 1 3 5.87 3 4.75 7.29 1 2 3
67.499 59.883 53.24 60.77 70.6 2 1 3 10 11 10.75 11 1 12 6
41.914 40.664 62.534 48.647 81.87 1 1 1 2.56 2.67 2.25 2.17 1 10 3
61.001 57.379 60.245 45.262 81.87 2 1 4 7 7.37 6.14 5 0 -999 6
29.459 39.927 31.223 40.128 20.26 7 0 -999 0 1 0 3 1 11 3
65.334 70.044 55.672 54 66.09 2 1 3 -999 -999 -999  1 13 5
50.442 37.645 37.942 50.504 56.33 0 1 2 4.4 -999 4 8 1 11 3
37.581 45.745 54.67 53.89 20.26 1 1 0 2.29 1.5 2 2.11 1 11 3
53.826 66.51 60.103 46.026 25 7 1 6 10.4 9.5 10.25 10.5 0 2 3
31.355 37.793 44.52 33.139 15.57 1 1 0 4.43 3.33 5.75 5.57 1 9 1
67.499 56.053 64.535 62.628 66.09 0 1 2 5.5 7.5 9.12 6.67 1 12 3
50.442 51.709 57.959 43.405 25 2 1 1 7.12 4.5 6.25 8.25 0 13 2
54.775 47.659 55.672 52.034 61.32 6 1 6 8.33 8 6.5 10 0 10 3
56.94 57.158 55.527 50.068 70.6 4 1 3 10 5.83 6.25 8 0 11 5
67.499 67.761 64.964 60.77 61.32 5 1 3 8.37 9.5 7.5 9 1 14 3
38.124 40.811 41.66 34.341 70.6 2 0 2 4.6 2.25 3.5 2.25 1 10 5
54.775 43.168 49.094 45.262 66.18 1 1 2 6.25 6 4.5 4.17 0 10 3
54.909 43.094 48.951 54.764 66.18 2 1 5 8.25 2.5 5 6 0 11 3
54.638 47.733 44.52 50.504 20.26 2 1 3 7.25 4.29 4.77 6.71 0 10 2
53.691 52.593 53.24 55.528 49.7 5 1 1 7.5 10.25 9.5 9.71 1 8 3
45.975 49.059 55.527 60.77 56.33 2 1 6 4.25 1.8 5.25 3 0 7 3
56.805 53.771 56.1 54.655 66.18 5 0 7 6.44 7.17 7.29 7.33 0 10 3
46.381 41.99 53.383 48.757 66.18 2 1 2 2.8 3.5 3.5 3 0 8 3
33.52 43.241 36.226 46.9 27.41 7 0 7 7.5 6.14 6.33 3 1 6 1
40.018 46.629 55.672 45.371 58.01 1 1 3 7 7.75 9.8 6.83 0 12 2
52.879 59.588 53.669 57.385 81.87 1 1 1 6.78 7.62 5.5 5.6 1 12 5
58.971 57.158 42.66 43.405 81.87 1 1 5 10.6 10.2 11 11 0 14 6
65.334 64.227 71.542 66.013 66.18 1 1 4 6.12 5.87 7.83 6.17 1 10 3
39.883 42.357 42.231 37.398 7.32 0 0 2 2.77 5 4.25 3.25 1 10 1
67.499 58.631 60.39 60.881 81.87 5 1 4 8.5 5.5 8 9.39 0 14 6
54.775 68.94 62.39 55.966 81.87 2 1 4 6.88 7.5 5.67 6.67 0 14 6
39.748 37.718 29.079 26.039 61.32 1 0 1 3 2.62 2.4 4.14 0 4 2
63.303 64.301 58.101 64.266 66.18 7 1 6 10.32 9.12 8 7.5 1 13 3
61.136 58.778 60.245 67.761 81.87 5 1 7 5.3 2.78 6.5 6.37 1 12 6
61.136 60.692 64.679 50.504 66.09 4 1 3 8.3 5.33 8 8 0 7 3
40.018 45.597 40.086 54 66.18 1 1 2 7.67 8 7 6.2 1 6 4
67.499 68.866 66.823 67.761 81.87 4 1 3 11 11 11 11 1 11 5
35.687 42.211 35.368 38.272 27.41 2 1 2 3.3 5 2 3.4 0 10 3
65.468 60.84 51.238 57.385 56.33 4 1 4 10.3 9.75 9 10.6 0 10 3
46.381 44.493 48.809 45.153 66.18 6 1 2 7.62 8 5.75 7 0 10 3
44.079 55.907 35.655 43.515 56.33 0 1 1 5 3.5 5.33 4 0 9 2
44.079 39.56 37.942 38.709 66.09 2 0 3 9.37 6.7 6.83 8.22 1 9 3
42.185 37.203 28.792 36.634 58.01 0 1 2 2 2.75 2.57 1.8 1 10 3
49.089 51.709 53.24 50.396 70.6 1 0 4 4.37 7.12 5.33 5.83 0 11 4
61.136 58.483 51.096 62.519 61.32 2 1 2 11.25 9.33 11.5 11.2 0 12 4
46.11 39.854 51.525 32.156 27.41 2 1 5 3.83 4 4.2 5.43 1 7 2
59.105 61.871 55.814 62.519 70.6 3 1 4 7 8.43 6.83 9.29 0 12 5
35.551 36.246 39.944 40.784 27.41 0 1 0 3.25 4.5 1 5 0 8 3
31.626 36.099 38.086 38.272 27.41 1 0 1 3 4.5 4.5 3 1 8 3
43.944 35.068 39.801 42.532 20.26 1 1 0 4.4 5.75 5 3 1 -999 2
39.883 38.529 33.368 26.039 70.6 2 1 1 4.87 6 4.83 6 1 12 5
52.744 50.163 60.245 47.119 66.18 1 1 0 3 2 3 3.5 1 14 5
59.105 44.714 -999 -999 56.33 3 0 4 8.6 7.25 10.25 9 1 10 2
35.822 32.638 42.517 35.324 56.33 -999 1 1 0.56 3 1.37 0.75 1 12 3
44.079 35.363 44.375 48.757 27.41 2 1 0 5 5 8 3.71 1 11 3
46.11 43.241 53.527 38.818 15.57 2 1 3 1.87 5.25 1 2.5 1 7 3
35.822 43.241 31.079 34.777 56.33 1 1 0 5.82 5.75 4.78 2.5 0 8 2
55.181 39.781 44.662 50.396 61.32 2 1 -999 4.5 -999 5 3 0 10 3
40.018 37.351 35.655 42.532 66.09 2 1 4 3.12 4.4 3.5 6.2 1 9 4
59.377 60.692 68.539 64.375 66.09 1 1 0 7.25 3.67 9 8 1 8 2
46.516 36.099 42.517 36.634 7.32 2 1 -999 3.33 6 2.5 8 0 2 1
37.853 42.284 33.368 37.835 66.09 3 1 5 9.14 5.6 5.75 8.5 0 12 5
59.105 60.692 60.819 60.006 49.7 1 1 2 10 4 7.25 8.9 1 14 4
58.971 62.239 66.966 55.528 56.33 4 1 4 10.25 8.5 9 10.12 1 12 4
61.136 62.459 55.527 66.013 81.87 2 1 3 10.44 10.5 10.57 10.8 1 14 6
58.971 61.871 62.39 62.519 25 3 1 3 9 4.5 8 7.5 0 8 4
52.744 54.802 51.238 54 81.87 2 1 1 4.62 3 5 5 1 12 5
40.695 49.5 37.942 43.515 81.87 6 1 4 9.56 9.83 10.25 9.75 1 14 6
63.167 63.049 69.253 66.123 15.57 1 1 4 7.5 6 8.2 8.83 1 9 3
46.246 38.529 37.799 25.166 15.57 2 0 3 0.5 0.5 1.33 0 0 8 3
61.272 54.949 56.672 59.023 66.18 1 1 0 4.33 4.11 2.33 4.56 1 11 4
67.499 57.6 57.816 67.87 66.09 5 0 3 8.17 3 7.33 6.33 0 11 5
35.551 36.099 40.086 45.371 66.18 2 1 3 4 1.33 2 3.87 0 10 4
58.971 55.907 55.814 41.877 27.41 1 1 1 5 7.25 6 5.43 1 11 3
61.136 51.268 69.253 59.023 15.57 1 1 8 8 5 7 9.12 0 10 4
33.52 38.381 28.792 39.255 56.33 4 1 8 4 3.75 4.33 4.29 1 -999 3
44.079 33.742 45.091 52.143 56.33 3 0 3 6 4 7.25 5.6 0 11 3
50.713 67.688 63.534 64.375 66.09 3 1 2 5 5 7 7.62 1 13 5
54.775 66.657 60.961 62.519 70.6 1 1 2 7.25 9.2 6.5 5 1 13 6
61.136 66.51 69.253 67.761 56.33 6 1 6 10.87 10.5 10.33 10.83 1 -999 3
50.442 60.692 60.245 55.528 56.33 1 1 3 4.33 4.12 6.04 9.83 1 11 2
54.775 44.566 50.809 55.638 27.41 0 1 1 8.75 8 10 8 0 10 3
59.242 47.807 53.383 59.023 66.18 2 1 2 10.12 6.62 8.17 10 0 11 6
67.499 66.51 62.534 61.317 81.87 3 1 3 11.25 8 8 10.33 0 -999 6
50.577 44.345 48.809 48.757 56.33 1 1 2 6.5 6.33 8.5 6.25 0 -999 2
63.167 49.647 60.39 57.494 27.41 2 0 3 7.5 3.67 6.75 7.4 1 12 3
50.577 47.733 42.375 54.873 20.26 2 0 1 8 6 9.5 6.5 0 10 1
35.551 38.529 40.23 50.504 70.6 1 1 3 3 5 5 4.25 1 11 2
57.481 47.88 51.238 55.528 15.57 2 1 2 8.8 5 7.5 8.75 0 9 3
46.922 49.132 47.236 51.16 20.26 2 0 3 7 7.5 5.5 7.5 0 8 2
42.32 46.039 47.236 33.903 66.09 1 1 3 5.75 7.4 5.75 5 1 11 2
35.822 48.984 37.942 43.515 27.41 0 1 2 3.83 3.33 3.5 0.4 1 11 1
58.971 59.514 53.383 47.447 56.33 5 1 5 8.75 8 5 8.86 0 7 3
62.085 67.761 73.829 56.402 56.33 3 1 4 8 10.25 10 9.5 1 12 3
48.277 50.236 44.52 50.396 27.41 3 1 3 9.86 6.67 8.12 8.6 0 11 3
54.775 59.514 48.951 62.628 66.18 1 1 2 8.75 7.25 6.5 6.12 1 10 4
61.136 47.807 55.814 60.77 66.18 3 1 5 9.33 8.75 8 9.5 1 12 2
40.967 52.593 50.953 41.877 61.32 2 1 5 3 3.33 4 4 0 6 2
35.822 34.847 46.807 45.153 15.57 -999 0 0 -999 0 -999 0 0 4 1
48.277 48.984 60.245 50.396 66.18 2 0 4 6 4 6.5 8.5 1 11 3
52.744 55.98 42.231 52.251 61.32 3 1 -999 6.29 6 8 8 1 12 3
59.242 59.514 57.959 60.881 66.09 1 1 5 9.38 7.25 6.5 8 0 11 4
58.971 50.457 55.814 57.276 7.32 1 1 3 6.75 6.5 6 6.5 1 8 3
29.865 33.006 37.799 39.255 -999 3 1 6 3.67 3 3.67 2.89 0 4 1
55.181 59.588 44.52 48.757 27.41 1 0 2 5.25 5.5 5.5 6.33 0 10 2
48.277 56.053 53.669 46.791 56.33 1 1 3 2 2 3 3.25 0 11 3
-999 -999 -999 -999 20.26 2 1 4 4.85 4.06 5.33 5.64 1 10 3
35.687 37.424 35.512 47.992 15.57 2 0 -999 5.75 3.43 6 5 0 5 3
35.957 41.99 46.807 44.06 66.18 3 0 -999 3.29 0.87 3.62 5.2 0 10 3
43.132 46.039 42.804 47.009 20.26 1 0 8 1.75 1.67 1.5 1.56 1 7 1
52.473 45.45 51.525 52.143 20.26 2 1 1 4.25 5.2 3.5 5.37 1 11 3
52.744 52.961 42.375 45.262 56.33 -999 1 3 7.25 6 8 7.62 0 10 3
40.018 57.158 55.672 50.504 66.09 1 1 -999 2.57 2 2.5 2 0 6 2
39.748 54.286 50.953 48.32 20.26 -999 1 -999 0 0 0 0 1 2 2
61.136 52.593 53.669 59.132 66.18 6 1 4 5.5 5.5 7.37 8.89 0 12 3
63.167 62.165 64.679 56.402 70.6 3 1 2 6.52 2.25 5 5.5 0 10 3
44.079 43.462 49.951 39.145 20.26 2 1 1 5.37 6 5 6.5 0 6 3
35.687 37.351 35.655 33.03 56.33 0 1 4 8 2 3.5 4 1 11 3
49.224 65.405 44.662 50.504 27.41 3 1 5 9.12 3.5 8.5 7.5 0 9 3
48.14 37.424 28.934 48.757 66.09 -999 1 -999 5 1 5 2 0 10 1
40.154 38.529 37.942 27.896 7.32 2 1 -999 -999 4.5 5.43 3.75 1 -999 1
63.167 68.866 65.25 59.023 66.09 5 1 2 8.86 8.2 7.25 8 1 13 4
46.246 57.158 39.801 55.528 66.09 5 0 7 5.25 5.75 5 7.75 1 7 3
63.303 65.037 52.525 61.317 56.33 1 0 2 3.6 5 2 2.91 0 11 3
58.971 65.405 57.959 65.14 56.33 5 1 4 8.75 9.33 9.21 10.6 1 10 3
-999 -999 -999 -999 66.18 3 1 5 7.22 7 5.67 7 0 12 4
61.001 71.222 64.964 55.638 81.87 1 1 2 2.62 7.25 6 5.33 1 10 5
54.638 47.807 46.807 52.251 15.57 3 1 -999 5 -999 4.5  1 4 1
52.608 52.593 49.094 47.447 66.18 3 0 -999 5.75 4.5 2 3.25 1 4 1
50.577 61.871 53.098 57.276 70.6 1 1 1 3.9 4 3.5 7.87 1 12 4
48.546 52.593 46.52 40.894 81.87 2 1 3 2.5 1.87 2.67 2.62 0 9 3
65.334 70.044 60.245 62.519 20.26 2 1 4 10.83 8.87 9.5 11 1 11 3
65.468 64.301 69.397 64.266 66.18 5 1 3 7 8.4 7.67 9 1 14 5
61.136 63.049 48.951 53.89 66.18 5 1 7 8 5.5 7.8 7.64 0 12 5
61.001 63.343 62.39 59.132 66.09 1 1 2 6.22 6.25 7.5 6.83 1 12 4
37.853 47.807 49.38 57.385 20.26 1 1 3 6.67 4.5 4.83 5.33 0 10 3
46.516 52.74 53.383 52.362 56.33 -999 0 -999 1 5 3.5 0 1 6 3
54.775 41.99 51.096 49.521 20.26 2 1 -999 2.33 2 3 1 1 11 3
41.914 47.438 44.662 41.877 20.26 2 1 3 0.5 0.5 1.67 0.73 0 9 1
40.561 40.885 35.512 59.242 70.6 2 0 2 5 2.8 2.67 4.14 0 9 5
45.163 50.899 42.231 52.143 66.18 3 1 7 7.87 7.12 8 9.33 0 11 3
56.94 54.286 55.527 57.385 27.41 2 1 3 6.86 9.5 6.25 7.83 0 10 2
65.334 58.704 46.664 53.89 70.6 1 1 2 4.9 3.2 3.5 7.2 0 11 4
55.044 38.529 42.088 47.009 27.41 1 1 2 4.29 3.86 6.43 3.6 0 11 1
55.856 65.479 60.103 66.013 15.57 4 0 4 7.67 8.9 8.37 8.27 0 3 3
54.638 44.42 33.224 59.023 20.26 1 1 -999 5 2.33 3.5 5 0 10 3
59.242 65.479 53.383 55.638 56.33 2 1 7 4.11 5 5.71 5.15 0 8 2
46.246 45.524 53.812 50.504 27.41 3 0 3 6.5 6.12 5.75 8.86 1 11 1
44.079 47.954 48.951 46.9 61.32 1 1 3 10.25 10.5 11 10 0 11 4
52.608 42.063 53.383 50.504 58.01 3 1 4 4 1.71 5 4.43 1 9 3
39.883 39.412 42.231 31.719 27.41 3 1 2 4.5 3.6 3.67 2.5 1 10 3
37.447 40.738 42.231 40.894 27.41 -999 1 -999 0 1 2.5 1 0 9 3
65.334 53.918 57.816 64.375 66.09 6 1 6 10.56 5.67 9.13 11.67 0 11 4
58.971 43.315 55.527 52.034 58.01 3 1 3 5 3.14 4 5.5 0 11 3
65.334 61.871 62.534 66.013 66.09 7 1 2 9.15 6.5 8 9.5 0 12 4
67.499 61.502 71.397 50.504 58.01 2 0 2 6.87 4.33 8 7.14 0 9 4
50.713 57.305 49.523 50.286 27.41 1 1 -999 4.5 3 5.5 5.5 0 11 3
56.669 66.583 62.677 66.013 66.09 6 1 6 9.5 7.33 8.84 9 1 15 5
37.987 31.533 31.223 -999 20.26 5 0 1 8 6.29 5.12 7.62 1 10 3
67.499 65.405 69.397 67.761 27.41 5 1 7 10.75 11.12 11.33 11 0 9 4
61.001 32.122 37.657 40.894 15.57 2 1 2 7.57 5.8 6.25 6.11 0 8 3
45.975 39.781 49.094 57.494 61.32 5 1 3 7.24 6.5 4.38 6.12 0 9 3
37.853 54.286 44.375 46.245 66.18 -999 0 -999 0.5 3 5 3 1 11 3
40.561 41.4 30.937 43.187 27.41 1 0 0 3.64 3.4 3.5 3.2 1 9 3
54.775 59.588 53.527 53.781 56.33 1 1 2 5 5.29 3.75 4.86 1 11 3
54.775 46.85 62.39 41.33 49.7 5 1 3 0.67 3.33 0.67 5 0 13 3
37.987 34.994 40.23 42.75 61.32 1 1 4 4.56 5.75 6.5 2.37 1 10 1
59.242 58.337 42.375 56.075 66.18 4 1 5 9 9.12 7.5 8.37 0 -999 2
44.35 46.702 46.807 50.396 27.41 2 0 7 2.8 3.5 7 7 0 8 3
54.775 57.158 46.52 51.269 66.18 2 1 0 5 6.5 -999 3.5 1 10 2
67.499 64.522 71.542 66.013 66.09 7 1 8 11 11 10.67 11 0 13 5
46.11 56.569 58.53 51.269 56.33 1 1 2 4.8 4 4.37 4 1 12 2
45.163 51.709 53.669 45.153 7.32 -999 0 -999 -999 -999 -999  1 -999 1
46.652 41.106 40.23 37.29 7.32 1 1 0 0.67 1.33 1 2.67 1 9 1
52.473 57.305 58.101 47.009 66.09 4 0 3 7.37 4 4.75 7.67 0 11 3
56.94 57.232 55.672 51.379 70.6 4 1 3 6.11 7.12 7.43 6.8 0 11 4
56.805 59.146 57.243 62.519 20.26 2 1 3 9.2 7.25 8.75 9.87 0 10 2
61.001 70.044 71.397 62.519 49.7 5 1 3 8.87 8.29 9.56 10.33 1 8 1
50.307 47.954 55.672 48.647 49.7 2 1 4 9.5 9.12 8 9.5 0 8 3
44.485 52.814 47.093 46.791 49.7 5 1 5 9.5 6.1 7.33 8.71 0 11 4
50.577 50.163 40.23 53.89 56.33 1 1 3 2.67 3.33 1 1.56 0 10 2
-999 -999 -999 -999 7.32 1 0 -999 2.29 0 1 1.75 0 8 3
56.805 57.232 44.52 60.989 20.26 6 1 8 5.51 3.29 4.66 5.49 0 11 3
63.438 62.018 75.973 66.123 61.32 1 0 -999 0 2.17 0.25 1.25 1 10 1
63.167 63.049 62.677 56.402 81.87 1 1 3 8 6.5 9 8.75 0 12 3
38.665 41.032 31.079 30.409 20.26 0 -999 -999 3.67 1.5 3 3.75 1 11 4
53.556 48.322 56.814 59.898 58.01 2 0 2 5.75 5.5 4.5 7.33 0 9 3
42.049 46.702 40.23 36.088 7.32 1 0 1 5.37 3 8.75 8.5 0 10 1
50.577 52.445 60.103 60.77 56.33 4 1 4 7.5 4.29 7.5 8.67 1 7 2
56.94 54.949 55.672 52.251 20.26 4 1 2 8.86 8.14 5.75 9.2 0 8 3
57.075 53.698 46.664 62.519 66.18 3 1 5 9.87 8.75 7.5 10.4 0 10 3
41.914 43.02 30.937 52.034 56.33 -999 1 -999 2 2 -999  0 10 3
61.136 65.479 62.39 55.747 66.18 2 1 3 8.75 7.62 9.5 11 1 11 4
52.608 66.583 55.527 52.143 66.18 6 1 6 6.87 10.14 8 10.25 1 10 3
63.303 44.345 53.527 52.251 66.18 1 1 3 8.37 7.25 6.67 5.86 0 12 5
32.708 39.486 33.224 28.771 20.26 -999 1 -999 0 0 0 0 1 7 2
33.52 33.742 26.505 32.265 66.09 2 1 2 8 2.17 3.5 5.1 0 9 5
39.883 36.393 39.801 35.651 7.32 1 0 3 4.57 6.87 3.83 4.67 1 5 1
50.577 45.45 40.086 39.145 15.57 2 0 4 4.25 3.3 6 6.5 0 10 3
46.246 56.274 44.375 49.521 70.6 3 0 4 9 5.75 7.25 9.87 0 9 4
42.185 39.854 45.949 44.279 66.09 2 0 3 2 4.8 6.25 3.2 0 6 3
38.665 35.215 29.079 38.272 20.26 2 0 6 5.44 2.85 3.5 3.86 1 9 1
45.975 48.175 46.807 45.153 56.33 1 0 -999 2.5 0 0 0.8 1 10 3
54.638 51.341 51.382 44.388 56.33 1 1 5 5.37 6.71 6 6.12 0 11 3
40.018 47.88 46.52 40.784 15.57 3 0 5 5.75 4.67 6.33 9.22 0 7 1
40.018 44.345 46.807 46.9 61.32 3 1 3 7 3.5 4 5.37 0 10 2
59.105 70.044 60.103 56.402 70.6 3 1 3 9 9 10 11 1 10 5
37.718 34.331 42.375 43.515 20.26 1 1 5 1 3.25 1 0 0 6 1
48.412 64.227 60.103 44.279 15.57 2 1 4 7 7.71 6.92 7.78 1 11 3
56.805 61.944 51.096 50.504 66.18 2 1 3 7.78 4.5 6.04 7 0 12 4
56.805 41.842 52.811 55.638 66.09 0 1 0 1 0 5 1 0 9 2
50.577 57.232 53.812 52.907 20.26 1 1 1 7.62 8 8 7.67 1 8 2
50.442 40.811 54.241 52.143 15.57 1 0 0 4 4.87 3.61 5.78 0 4 1
56.94 63.122 62.677 57.494 66.09 2 1 7 8.68 9.5 8.33 9.5 0 15 6
50.442 57.232 53.383 52.034 66.18 5 1 6 6.5 7.37 8.4 8 1 11 3
48.412 46.775 53.383 60.77 66.18 6 1 2 4.5 2 2.83 6.11 0 12 3
57.075 51.341 60.245 59.242 66.09 -999 1 -999 4.2 3 3.5 2.8 0 9 5
57.211 46.039 53.383 57.494 15.57 1 1 3 3.11 1.71 3.25 2.12 1 10 3
61.136 70.118 73.829 60.881 66.09 4 1 6 9.5 10.25 10.4 10 1 12 5
59.242 53.55 64.964 53.126 70.6 2 1 3 8.67 7.25 8 8.5 1 11 5
49.089 47.88 49.523 38.381 27.41 2 1 4 2.73 5.16 2.2 4.14 0 11 3
61.136 60.692 55.814 53.89 49.7 6 1 7 7 8.75 7 7 1 11 4
52.744 46.481 57.959 43.515 66.18 2 1 3 5 2 4.67 5.62 0 10 2
41.779 33.816 55.527 48.757 66.18 0 1 -999 8.14 -999 2 5.8 1 10 2
41.779 39.781 38.228 40.894 81.87 1 1 -999 3 3.5 2 3 1 12 5
54.775 49.059 44.52 46.9 70.6 2 1 5 10.5 7.87 9.87 9.4 0 11 5
56.805 48.911 53.527 62.628 20.26 3 0 4 10.5 8 8 9 1 11 3
37.987 37.572 46.807 51.269 15.57 2 1 3 0.62 1.33 0.67 1.29 1 7 1
50.577 57.305 60.245 52.034 61.32 2 1 4 7.14 7.14 6.5 8.43 1 10 3
39.883 46.923 38.228 52.143 81.87 3 1 8 8.1 6.75 6.25 9.5 1 14 6
61.272 54.802 60.39 52.251 66.18 2 1 3 7.25 4.62 6.5 6.5 0 12 3
33.657 45.818 35.655 40.456 56.33 1 1 1 3.5 1.5 7.5 1.9 1 13 2
58.971 54.213 55.527 53.781 56.33 1 1 3 5 5.17 3.5 5.17 1 11 3
29.459 47.88 46.807 40.784 20.26 2 1 1 3.17 2.5 1.71 2.43 1 8 3
54.775 46.702 48.809 45.698 56.33 1 1 3 7.5 8.25 8.5 6.83 0 8 3
42.049 45.377 49.238 37.398 56.33 1 1 3 7.8 3.37 6.2 5.5 1 11 3
-999 -999 -999 -999 61.32 3 1 2 6.6 6 6.5 8 1 9 3
63.303 63.122 53.527 53.89 81.87 2 0 4 7 7.75 7.5 7.12 0 15 6
54.638 66.51 62.39 64.266 66.09 3 1 8 6.71 11 8 9 1 9 4
48.953 58.704 58.101 49.413 20.26 0 0 2 3.25 6.75 6.5 5.37 1 7 2
56.94 56.348 53.527 54 81.87 5 1 2 8 5.75 8 8.86 1 13 6
54.775 45.45 53.669 57.385 66.18 2 1 2 7.33 5.14 6.5 8 0 8 3
54.775 53.698 62.39 62.519 56.33 2 1 2 6 2.5 7.45 6.75 1 10 3
63.303 58.41 71.542 67.761 66.09 3 1 8 10.37 8.37 9.67 9.69 1 12 5
44.216 42.652 46.949 50.396 70.6 2 0 2 4 8 3.5 4.33 1 8 3
46.246 44.345 49.094 44.826 20.26 1 1 2 5.2 8 3.67 3.18 0 9 4
48.412 55.98 46.807 42.532 56.33 2 1 3 5.12 3.83 5.75 5.86 0 11 2
30.677 38.75 44.804 34.777 27.41 0 1 -999 1.25 2.77 1.67 1.5 1 10 2
41.914 38.529 33.51 28.771 66.18 -999 1 2 2 0 2 8 1 11 1
48.277 44.199 42.375 57.494 49.7 1 1 1 5.5 5 4 5.5 1 10 3
56.805 55.98 53.383 59.023 56.33 4 1 2 9 7 8 8.71 0 7 3
56.94 54.949 48.951 40.894 66.18 7 1 2 4 5.5 6.2 7 0 10 3
50.442 52.004 51.238 48.539 49.7 2 1 5 6.75 9.75 8.86 10 0 15 4
61.136 53.329 62.534 54 20.26 4 0 8 10.7 9.56 9.83 10.17 0 11 3
41.914 48.984 46.664 48.866 66.09 1 1 4 5.37 4.25 3.5 5 1 11 4
61.001 66.51 69.253 59.132 81.87 5 1 3 9.75 10.57 9.25 8.29 0 13 6
40.018 34.847 44.662 52.251 56.33 2 1 1 3.29 2.33 4.25 4.7 0 9 3
46.381 49.426 55.527 54.764 49.7 3 1 7 5.46 5 5.25 5.8 1 15 5
59.105 59.514 56.385 64.266 66.18 4 1 5 8.87 7.12 8.33 7.5 1 12 5
65.334 67.688 60.103 64.266 66.09 5 0 4 7 8 6 7.5 0 11 2
29.324 38.75 40.086 33.139 49.7 1 1 4 6.12 6.12 7 6.2 0 9 2
56.805 52.519 55.814 54 66.18 2 0 5 6 5 2.33 9 1 11 3
-999 -999 -999 -999 81.87 4 1 8 5.37 7 6.33 8.86 1 13 5
50.713 42.357 42.231 64.266 66.09 1 0 3 6.41 6.38 5.55 8 0 12 3
50.307 51.341 48.951 42.641 20.26 2 1 3 6.4 7 5.33 6.12 0 8 2
59.105 67.688 58.101 64.266 61.32 3 1 5 8.78 8.25 9.5 9.25 0 12 4
63.167 64.153 53.383 64.266 66.09 4 1 3 9.67 6 9 10.75 0 11 4
65.468 65.331 52.096 53.89 66.18 5 1 3 10.62 8.18 9.67 10.57 0 10 3
50.442 32.049 45.091 36.196 66.18 0 1 2 3.83 2.2 4.86 6.14 0 10 3
61.001 61.871 62.39 59.132 15.57 3 1 2 6.87 7.62 6.5 6.5 1 11 2
31.626 45.818 51.382 41.002 27.41 3 1 0 1.75 2.33 3 3.86 1 10 3
67.499 64.301 53.24 53.89 81.87 5 1 5 8.33 8 8 10.5 0 11 5
46.381 42.211 35.655 43.515 66.18 1 0 2 2.8 2.5 0.67 3.17 1 7 2
55.856 57.232 58.101 47.883 15.57 2 1 2 6.76 6 2.5 6.29 0 6 3
29.459 35.068 42.231 45.262 27.41 1 1 2 3.11 2.86 6.5 6.86 0 1 1
-999 -999 -999 -999 27.41 1 0 5 -999 2.33 0.67 5 1 5 1
58.836 67.688 64.106 57.276 66.09 2 1 3 6.67 9.5 7.5 8.75 1 -999 5
44.079 57.084 49.094 42.641 20.26 2 1 7 8.25 9.33 6.5 9.57 0 11 3
42.32 44.861 33.368 37.398 20.26 -999 1 -999 5 5 2 0 0 9 1
37.718 44.345 47.093 40.128 27.41 2 0 2 4.89 4.57 2 1.6 0 8 3
41.914 38.381 51.238 48.757 56.33 3 1 2 1.42 1.8 3.67 4.5 1 9 3
56.94 50.163 67.108 57.713 66.09 5 1 5 4.37 1 4.5 4.37 1 10 5
-999 -999 -999 -999 66.09 2 0 3 4.25 5.75 3.5 7.67 0 8 3
52.608 58.41 58.101 59.132 49.7 2 1 -999 5.87 2.83 3.6 4.33 1 12 3
65.334 61.871 64.679 60.989 56.33 5 1 7 4.75 4.75 4.29 2 0 11 2
-999 -999 -999 -999 27.41 -999 1 -999 5 2.5 5 0 0 4 1
41.779 48.101 51.096 41.767 66.18 1 1 4 6.12 3.87 4.11 5.33 1 -999 3
63.167 64.448 55.814 60.77 66.18 0 1 1 0.87 0.67 1.33 0.6 0 11 3
54.775 50.163 53.527 52.362 27.41 2 1 4 8 8.75 5 6.5 1 9 3
67.499 53.771 44.52 57.276 66.18 1 0 4 7.8 5.67 6.71 8.33 0 11 4
37.04 44.42 48.809 52.143 20.26 -999 1 0 0.78 0 1.75 1.29 1 8 3
63.167 62.092 69.11 64.266 66.09 7 1 6 10 9.86 8.25 8.67 1 14 4
56.805 58.557 50.667 62.519 81.87 5 1 6 8.75 8.67 7 9.29 0 13 5
50.848 62.975 60.103 62.628 70.6 6 1 -999 9 8.25 9 9.5 0 15 5
36.363 45.524 32.51 29.971 15.57 2 -999 -999 2 2.67 4 3.62 1 7 1
63.167 60.766 69.253 66.013 81.87 5 1 7 7.87 6.87 8.12 8.43 1 13 6
42.185 40.885 51.238 41.767 56.33 1 1 1 5.3 4.5 5.67 6 1 10 3
56.94 61.944 50.953 55.747 56.33 2 1 2 4.75 7 7.33 6.33 1 11 2
35.687 48.911 53.527 38.381 56.33 1 1 -999 2.33 3.5 6 4.25 1 10 3
49.359 37.203 40.086 39.145 81.87 4 1 2 4.47 4.25 3.08 7 0 14 6
58.836 66.583 63.106 61.864 81.87 3 1 4 10.25 7 9.5 9 0 12 6
41.914 50.163 54.956 60.77 32.45 0 1 2 6 7.25 5 7.64 1 10 2
39.883 40.811 48.951 47.009 56.33 5 1 2 7.62 5 8.75 7 1 10 4
52.879 55.98 37.942 45.262 66.18 1 0 6 4.78 4.4 3.87 4.57 1 9 3
61.136 70.044 57.816 66.013 81.87 2 1 2 9.25 8.75 9.25 9.5 1 15 6
50.442 40.811 46.807 48.539 15.57 2 1 -999 2 2.67 5 2.2 0 3 2
29.459 36.393 42.231 30.409 49.7 0 1 3 -999 0.51 0 0 1 7 2
65.334 65.405 57.816 69.508 81.87 3 1 5 9.67 8.75 10.7 9.5 0 15 6
58.836 66.51 69.11 66.013 66.09 1 1 1 5 6.5 6.9 6.33 1 11 3
42.049 37.645 33.51 40.02 66.18 4 1 0 4.5 2 5.33 6 1 12 4
40.154 47.807 55.527 59.023 49.7 2 1 0 2.5 3.83 3.5 9.12 1 7 3
35.687 40.885 42.088 30.845 58.01 2 1 0 3.67 3.17 4.75 4 0 10 3
52.608 40.959 42.66 48.757 20.26 3 0 5 2.75 5 2.6 4 0 8 3
56.94 43.241 49.094 48.757 20.26 2 1 4 4.25 4.67 4.33 6.33 1 2 1
63.844 68.277 66.394 64.266 61.32 6 0 5 11 9.5 7.5 10.62 0 7 3
35.551 46.554 35.941 40.456 20.26 4 0 2 5.08 7 2.5 7.25 1 10 1
46.381 46.702 42.517 45.262 61.32 1 1 1 4.98 4.33 3.5 5.71 0 13 3
39.883 41.99 37.942 35.76 66.09 2 0 5 7.77 4.4 8 5.5 0 8 1
54.909 53.182 47.522 57.276 20.26 6 0 0 0 0 0 0 1 9 3
35.687 46.775 37.799 36.415 20.26 -999 1 -999 1.6 4.6 3.14 5 1 9 2
67.499 67.835 57.959 67.761 56.33 2 1 4 10.25 9 7 8 0 11 3
65.334 67.835 69.397 67.761 81.87 6 1 4 8.33 8.25 5.67 7.6 1 14 6
61.136 71.222 69.253 64.266 81.87 3 1 3 8.12 8.25 9.12 9.5 1 12 6
37.987 54.802 42.517 46.026 56.33 2 1 3 3.6 1.2 3.33 5 1 11 3
46.381 47.807 49.238 60.77 58.01 2 1 3 4.75 4.14 7.12 4 0 12 3
48.277 48.763 55.527 55.966 56.33 2 1 4 5.37 3.29 5 5.86 1 11 3
50.713 38.529 48.951 31.282 70.6 4 1 0 -999 5 -999 6 1 10 3
65.468 63.049 64.679 66.013 66.09 3 0 3 10.25 11 11 7.62 1 10 3
42.185 43.241 53.24 40.675 27.41 1 1 2 5.75 7.25 8 6 1 10 3
37.581 45.377 34.939 42.532 20.26 2 1 5 4.25 1.57 3.5 1.83 0 8 2
46.381 47.291 42.375 45.262 20.26 2 0 4 3.5 5 3.64 1.8 0 12 3
33.657 50.236 49.238 48.757 61.32 2 1 3 8.87 7.71 8 8.5 0 10 3
34.739 40.148 35.655 45.262 15.57 2 1 2 1.67 1.67 1.67 3.67 1 -999 1
63.303 68.866 55.814 62.519 66.18 2 1 4 10.25 9.12 9.25 9 1 10 3
40.561 38.75 40.086 47.883 15.57 0 0 0 7 5 8 7 1 2 1
61.001 66.51 67.108 64.266 66.09 4 1 3 7.62 8.67 9.42 8.5 1 11 3
35.822 31.828 46.664 45.262 66.18 2 1 1 -999 4.4 5.2 1.71 0 7 3
58.836 53.623 66.966 53.781 81.87 2 1 4 4.25 3.43 5.57 4.75 1 13 6
50.577 52.445 46.807 51.269 66.18 1 1 2 6 3.5 5.79 6 0 12 3
50.577 57.305 49.809 48.757 66.09 2 1 3 8.5 6.83 7.37 7.75 0 12 4
65.334 58.704 53.527 57.385 81.87 3 1 3 5 5.5 5.25 4.5 0 12 3
61.001 58.631 42.231 52.579 56.33 5 1 2 8.36 5.83 5.33 7.5 0 8 2
-999 -999 -999 -999 27.41 0 1 5 5.5 5.6 8 3.27 1 10 2
44.216 45.45 33.368 53.89 61.32 2 -999 3 10.25 3.29 11 8.37 0 8 3
56.805 55.17 55.814 48.757 70.6 4 1 4 6.12 5.29 6.67 7.67 0 11 4
46.381 47.88 44.662 48.757 32.45 2 1 1 4 5 5 4 0 7 3
39.748 43.241 44.375 34.013 15.57 1 0 1 4 -999 4 3.5 1 7 3
42.185 43.168 40.086 42.532 -999 2 1 8 6.57 9 3.67 5 0 5 2
63.303 54.065 46.664 53.89 66.18 6 1 5 10.12 8.67 9.25 10.14 0 10 3
67.499 64.522 64.821 64.266 66.09 7 1 8 7 5.77 6.69 6.33 1 12 5
61.272 68.94 64.679 64.375 81.87 2 1 3 8.29 8.75 7.33 8.71 0 12 6
27.428 36.467 46.664 29.535 27.41 2 1 2 5.46 8 6.5 5.87 0 7 3
67.499 70.044 71.542 69.508 66.09 6 1 7 11 11 11 11 1 11 4
44.216 35.068 40.23 48.757 7.32 5 0 2 3.5 2.5 3.33 3.5 0 -999 4
52.473 43.168 37.799 54 66.18 2 1 2 5 3.56 4.5 5.25 0 11 3
35.416 50.163 51.238 54 58.01 5 1 6 7.25 5 5.67 8.67 1 12 3
51.389 37.572 51.525 43.405 20.26 5 0 1 4.37 5.37 4.2 6.33 0 6 1
56.669 63.049 48.809 54 66.18 3 0 4 5.33 5.5 2.67 5 1 11 3
50.848 59.441 39.801 46.791 66.09 1 1 3 3.5 6.5 6.5 2.89 1 9 3
58.971 50.163 57.672 55.638 81.87 2 1 1 3 2.17 4.5 2.5 1 11 3
37.853 43.241 55.672 49.521 7.32 1 0 4 6.8 6.93 10.5 8.5 0 7 1
46.381 34.994 42.231 50.504 56.33 1 1 1 5 5 5 5 1 8 3
61.136 57.305 40.23 53.89 66.09 7 1 4 9.12 10.37 10.56 9 0 15 4
37.718 41.99 40.086 39.255 20.26 2 0 4 2.2 7 1 3.25 1 8 1
67.499 63.049 57.816 62.519 70.6 2 0 3 8 1.83 4 8.75 0 11 4
50.577 36.688 49.238 50.504 32.45 3 1 2 4.67 2 2 2.67 0 12 3
65.468 55.465 57.959 62.519 66.18 1 1 4 10.12 6.62 8.17 11 0 11 4
53.691 44.641 58.53 55.638 27.41 4 1 7 2.3 1.33 4.33 3.5 1 11 2
63.303 60.692 64.679 61.645 66.18 4 1 2 4.29 3 5 9.5 1 11 2
47.465 60.104 55.672 45.153 66.18 3 1 3 9.43 9.5 8.5 8.67 1 10 4
46.381 54.875 46.664 51.269 81.87 2 1 5 8.25 7.62 5 8.62 1 14 6
31.355 36.172 37.799 47.883 27.41 0 1 0 4.18 5 1 4 1 6 1
26.753 34.184 30.794 28.333 70.6 2 0 2 -999 -999 4 5.22 1 7 3
54.775 57.158 48.665 46.573 66.09 2 0 6 5.25 6.5 4 4.2 1 13 4
65.334 62.975 64.964 60.881 66.18 3 1 5 6.37 -999 6.25 7.75 1 7 3
39.612 37.645 60.245 46.354 56.33 2 1 2 3.12 4.25 6.5 3.5 1 10 3
35.687 45.745 33.51 35.76 66.18 1 1 0 5.12 3.71 3.5 4.83 1 11 2
65.334 60.913 60.39 59.023 66.09 2 1 7 8.9 8.5 7.32 7.5 0 11 3
63.303 64.153 60.245 55.747 25 3 1 2 8.5 7.33 7.62 7 0 9 2
58.836 64.153 53.383 62.519 49.7 4 1 7 9.89 10.87 11 10.75 0 15 4
54.775 50.457 55.814 49.413 66.18 5 1 6 7.62 7.25 7.62 7.5 1 12 3
45.569 50.826 53.527 53.781 27.41 2 0 3 6.12 9.12 6.5 8 0 11 3
-999 -999 -999 -999 15.57 1 0 0 4.22 5 2.14 2.71 0 6 1
44.079 45.45 38.228 34.013 66.18 7 0 5 3.11 4.4 4.5 4.14 1 9 3
54.909 59.883 62.248 62.519 61.32 1 1 2 6.5 7.62 9.5 9.5 1 11 5
56.805 54.802 51.096 55.747 56.33 1 1 1 5.14 4.17 4.83 6.62 1 10 2
46.787 48.175 46.664 43.405 56.33 4 0 -999 3.29 3.5 3 3.86 1 10 2
54.638 61.871 48.809 54 15.57 2 1 3 5 4.5 5 7.17 0 5 3
42.455 37.351 35.797 26.586 15.57 1 0 3 4.25 5 7 7 1 7 3
48.277 44.272 37.942 36.415 7.32 2 0 2 4.25 1.25 3 2 0 5 1
57.075 64.301 67.108 60.77 66.18 3 1 8 7.67 6.87 5.37 5.43 1 13 5
44.35 44.42 49.094 46.136 58.01 2 1 -999 2.53 4.71 3.22 3.54 0 9 3
37.853 52.519 58.101 40.128 15.57 3 1 0 5.33 10 -999 8 1 4 2
40.83 44.272 35.655 47.119 56.33 3 1 4 7.12 4.62 6.29 7.78 1 8 4
61.001 55.686 56.529 52.143 58.01 1 0 0 5 3.17 5.75 6.71 1 9 3
46.381 39.706 38.086 40.128 20.26 1 1 3 3.1 4.5 2.83 2.14 0 5 1
65.334 67.688 57.816 48.757 25 2 1 8 6.25 6.5 6.87 5.75 1 9 3
55.181 55.98 56.243 47.883 61.32 1 1 5 6.5 5.33 8 8.67 1 7 3
44.079 40.811 37.799 45.262 20.26 3 1 2 5.5 3 3.5 5.67 0 -999 1
44.757 47.807 51.238 50.504 20.26 -999 1 -999 3.11 8 7 6 1 8 1
63.167 59.588 51.096 64.375 66.18 2 1 2 7.25 11 8 9.5 0 12 3
42.185 51.268 44.375 41.767 56.33 3 1 5 5.2 4.33 6 6 1 8 2
54.775 43.094 54.385 59.132 20.26 1 0 2 5.33 3.75 2.67 5.5 0 -999 3
61.136 64.227 69.397 67.761 66.18 5 1 2 9.67 9.5 9 8.6 1 11 4
67.499 65.405 71.542 66.013 66.18 5 1 3 8.14 4.5 6.11 8.56 1 11 3
42.049 34.552 35.368 39.255 7.32 0 1 2 3 2 0.33 2.17 1 8 2
42.185 41.253 44.52 45.371 15.57 1 0 1 5 2.33 1.5 5.37 1 -999 2
61.001 58.631 71.97 53.781 66.18 4 1 5 11 10.73 11 11 1 10 3
44.622 47.807 48.809 48.211 66.09 3 1 3 5.67 4.5 6.2 5.5 1 14 5
58.971 50.163 49.38 45.262 56.33 4 1 3 5.75 3.5 6.57 6.5 0 10 3
63.167 64.153 66.966 67.761 56.33 2 1 3 8.08 4.82 6 8.69 0 12 3
61.136 64.153 67.108 59.023 66.09 2 1 4 8 7.78 7 7 0 11 3
59.377 52.593 65.25 46.245 56.33 2 1 2 5.37 4 1.6 4.25 0 11 4
44.216 49.059 42.231 34.886 27.41 4 1 3 6.9 5 6.67 6.75 0 11 2
65.468 64.227 62.534 62.519 56.33 3 1 5 8.45 8.25 8.2 8.17 0 11 3
61.136 60.766 51.238 64.266 56.33 2 1 3 7.75 7 7.5 9.43 0 10 3
46.922 42.873 33.368 42.641 70.6 3 1 2 4.25 5 8 7.5 1 13 5
35.416 47.954 45.091 45.698 20.26 3 1 4 8 8.42 9.5 7.64 0 8 3
65.334 48.984 55.814 62.628 66.18 2 1 3 7.25 6 7 7.25 0 12 3
40.018 36.172 51.382 31.392 32.45 2 1 3 5.12 5.25 3 3.33 1 9 2
56.94 59.514 48.665 44.279 56.33 -999 1 -999 5 8 2 2 0 10 3
58.836 64.227 53.383 53.126 49.7 2 1 1 7.87 9.33 9 9.22 0 7 2
25.263 35.363 38.371 37.507 27.41 -999 0 -999 2.43 1.75 1.33 1 0 -999 1
63.167 63.196 64.821 60.989 25 1 1 5 6.75 7 8 7.5 0 9 3
50.577 61.871 60.103 53.781 61.32 6 1 7 9 9 10.62 8.67 0 12 4
39.748 42.063 38.371 35.651 7.32 2 0 5 2.75 6.86 4 1.6 1 5 1
42.185 36.761 39.944 34.013 20.26 1 1 -999 -999 2 -999  0 4 3
56.94 48.984 49.667 52.251 32.45 5 1 4 8 8 6.5 7.73 1 -999 3
41.102 52.887 49.094 49.085 66.09 4 1 2 5 5 5 5.5 1 8 4
50.577 45.45 48.951 46.136 27.41 2 0 2 5.37 2.27 2.83 5.5 0 6 1
52.473 45.45 46.664 53.89 27.41 3 0 2 4.36 2.5 3.25 3.87 0 8 1
50.577 51.414 33.224 46.9 49.7 3 1 3 6.12 5.5 4 8 0 10 2
52.744 57.526 57.959 50.286 56.33 4 1 2 6.17 7 3.5 5.33 1 12 2
63.303 63.343 66.823 66.013 70.6 3 1 5 10.25 8.43 10 10 0 13 5
47.871 50.678 60.103 57.385 66.18 2 1 4 6.5 4.62 6.5 6.2 1 12 3
54.909 56.348 52.096 57.822 20.26 3 1 6 7.57 7.71 7.71 7.71 0 10 2
58.024 56.127 50.524 52.251 56.33 5 1 4 5 4 3.76 5.19 0 10 3
35.822 37.645 37.942 33.139 70.6 -999 0 -999 -999 2 0 0 0 3 3
65.334 56.053 58.101 62.519 81.87 5 1 2 8.62 7.83 7.21 9.22 0 13 6
48.14 44.42 51.525 40.894 20.26 2 1 -999 2.75 2.5 2 1 1 11 3
59.105 41.99 57.959 51.269 70.6 7 1 6 5.75 4.62 7 7.5 1 12 3
48.546 37.866 33.368 43.515 66.18 2 1 5 2.25 3 2.33 1.33 0 10 3
63.303 66.51 66.823 59.132 66.09 6 1 5 9.22 10 9 9.5 1 12 5
63.303 65.405 53.956 59.023 61.32 6 1 0 8.83 8.5 7.67 7.29 0 10 4
29.596 42.284 35.655 40.347 56.33 2 1 -999 2.5 0 1.6 1 1 10 3
61.001 58.41 55.672 47.883 66.09 1 1 3 9.2 8 4 8.5 0 11 3
56.94 61.061 62.39 67.761 66.09 6 1 7 7 9.25 6.91 7.71 1 11 4
46.381 38.455 42.375 33.903 7.32 2 0 2 6.12 4.25 4 4.57 1 10 1
48.277 54.875 51.525 50.396 58.01 2 1 3 8.75 9.33 10.25 9 1 11 3
65.875 64.448 64.679 66.013 81.87 4 1 4 8 8 8.75 8.37 1 15 6
50.442 54.875 58.101 53.781 15.57 2 0 -999 5 1.67 2.67 5 1 8 1