2	-.563	65.468	59.514	64.679	67.761	3	3	3	2
1	.123	50.577	47.954	49.094	46.9	2	3	2	2
2	.229	59.105	42.799	49.094	47.883	2	2	3	2
1	.687	44.35	49.205	35.512	57.276	3	3	3	3
2	.633	63.303	52.519	51.811	52.143	2	3	2	3
1	.992	31.761	44.493	39.515	38.272	3	3	3	3
2	-.282	40.018	39.927	46.949	45.153	3	3	3	3
2	1.572	46.11	47.807	51.096	41.767	3	3	3	2
1	-.714	61.136	57.305	55.672	46.9	3	3	3	3
1	1.224	40.018	51.341	44.52	48.647	4	3	2	2
1	.964	48.412	58.41	55.814	47.119	4	4	4	4
1	1.27	56.94	59.514	66.966	62.519	2	3	4	4
2	-.406	56.805	52.593	51.238	48.757	3	4	3	3
1	-.867	37.987	34.994	31.223	36.524	2	1	2	3
2	-.58	35.957	32.712	42.517	37.398	3	3	3	3
2	-.241	67.499	67.761	55.672	64.266	3	4	3	4
2	.373	56.805	52.519	44.52	57.276	4	4	3	3
1	.967	67.499	68.866	64.535	64.485	3	2	2	2
1	-.011	63.303	63.122	57.816	47.883	4	4	4	4
2	-.428	48.412	49.059	50.953	46.9	4	3	3	3
1	-.196	37.853	45.229	28.934	30.518	3	3	3	2
1	-.163	40.018	39.706	55.956	47.009	3	3	3	3
1	-.168	31.626	38.308	40.086	45.371	1	4	4	3
1	-.142	45.298	45.745	47.522	55.528	1	4	2	3
1	.122	41.914	39.56	37.799	30.518	3	3	2	2
1	-1.665	33.657	38.897	43.662	38.709	1	1	4	1
1	1.799	59.105	55.98	53.956	41.877	4	4	2	4
2	-1.101	65.334	66.657	62.248	53.89	3	3	3	3
1	-1.065	45.84	59.514	55.672	58.149	3	3	3	2
2	-.772	46.246	58.483	66.966	44.498	3	3	2	3
1	-.728	44.216	43.978	53.527	54	2	3	1	1
2	1.304	52.608	54.875	48.951	44.279	4	4	4	4
2	-.219	58.971	49.5	66.966	61.645	3	4	4	4
1	-.687	50.577	37.351	50.953	45.262	3	3	3	3
1	-.911	52.744	61.871	60.39	64.375	3	3	3	2
2	-.394	44.216	41.99	42.231	35.651	3	2	3	3
2	.15	42.049	39.56	49.094	36.634	4	1	2	1
1	-.381	52.744	48.911	53.24	59.132	3	2	3	3
2	.126	33.926	42.357	38.228	46.026	3	4	3	4
1	.424	46.11	36.467	40.515	35.76	3	3	3	3
2	-.242	54.775	45.597	53.527	62.519	4	4	4	4
2	-1.582	40.018	38.897	47.093	33.903	4	4	4	1
2	-.565	59.105	44.272	55.672	64.266	4	3	3	3
2	-.627	52.608	65.479	71.542	55.966	3	3	3	3
1	.533	50.577	51.341	51.238	52.251	3	2	1	3
1	-.167	67.499	64.522	75.973	66.013	3	3	4	4
1	1.312	64.25	62.165	57.959	60.77	4	3	3	2
2	-.4	35.822	45.524	37.657	27.569	3	3	3	3
2	-.387	48.277	50.531	55.814	51.379	3	3	3	3
2	-.74	44.216	43.094	44.52	59.023	4	4	3	2
2	-.485	39.883	44.125	48.665	51.16	4	4	4	4
1	-.19	54.638	56.274	53.669	53.781	4	3	2	3
2	.458	56.669	62.018	57.959	45.153	4	4	3	4
2	-1.086	46.246	34.847	46.807	38.272	2	3	3	4
2	.58	54.909	54.802	56.243	53.126	3	3	3	3
1	1.085	57.075	59.588	57.959	57.276	4	4	3	4
1	-.624	59.105	54.875	62.39	48.647	3	3	4	3
1	.401	33.791	41.915	53.24	55.638	2	4	2	1
2	-.917	42.455	58.337	37.657	33.794	3	3	2	2
1	-.633	31.49	36.099	37.799	44.279	2	3	1	1
2	-1.004	39.883	44.345	44.52	46.136	4	3	4	4
2	-1.454	35.551	38.676	44.662	42.641	2	4	1	4
2	-.062	46.11	44.272	49.238	48.647	1	3	2	2
1	.148	61.272	52.519	53.383	55.638	3	3	3	3
1	-.207	48.14	47.88	37.799	43.624	4	4	3	4
1	-.061	37.718	46.702	44.52	33.139	1	3	3	2
1	.563	54.775	54.065	55.672	59.46	3	3	3	3
2	-.869	46.381	53.771	46.664	44.498	2	2	2	2
1	-.671	46.516	51.635	43.662	43.515	3	3	2	4
1	-.812	46.516	41.99	46.807	47.774	3	3	2	2
1	.137	48.412	51.414	62.534	46.136	1	2	2	4
2	-.962	44.079	40.885	40.086	52.143	3	3	3	2
2	-.915	39.883	43.241	53.527	46.136	3	3	2	2
2	1.008	67.499	68.866	64.679	60.77	3	4	3	4
1	1.004	61.136	62.092	51.096	43.515	3	3	3	3
2	-.96	50.577	40.885	49.094	50.504	1	3	4	3
1	-.488	39.883	44.493	46.52	41.767	4	1	1	1
1	-.286	50.577	43.462	64.964	59.132	4	4	3	3
2	.979	54.909	65.405	60.103	57.385	2	3	3	3
2	1.012	63.167	59.588	60.39	54	3	3	2	3
1	.2	48.546	40.075	37.657	36.415	4	4	4	4
2	1.002	67.499	64.227	71.542	62.519	2	3	1	2
2	1.006	65.334	64.227	67.108	69.508	4	3	3	3
2	-.546	36.769	42.063	36.084	28.771	4	3	4	2
1	-.142	50.442	49.205	51.382	50.504	3	3	3	2
1	-.135	29.324	45.524	49.238	38.272	3	3	3	3
1	-.309	29.459	56.053	46.807	33.139	3	3	2	3
1	.108	63.303	67.688	69.253	59.242	3	3	2	2
1	-.291	33.52	39.927	40.515	41.33	2	2	2	3
1	-.603	42.049	44.272	35.512	48.647	1	1	2	2
1	-.174	42.049	33.816	35.655	46.9	3	3	2	2
2	-.261	54.638	46.554	44.52	50.504	3	3	2	3
2	.685	63.303	58.483	55.956	55.747	3	4	3	3
2	1.009	48.277	64.153	60.39	50.504	2	3	3	3
2	-.289	37.718	50.236	51.096	34.668	2	3	3	2
1	-1.058	50.442	45.892	53.527	53.89	2	2	2	3
1	.513	59.105	60.766	62.39	64.266	1	3	3	3
1	-1.191	50.442	53.771	51.382	44.498	2	4	3	3
2	-1.167	34.604	44.714	48.809	45.262	3	3	3	3
1	.365	52.879	49.059	55.814	51.379	4	4	3	3
2	-.164	61.136	51.268	53.383	54.655	2	2	2	2
1	.894	48.277	59.588	55.385	54.655	4	3	3	3
1	1.002	63.709	57.232	53.383	50.396	3	3	4	3
1	1.301	48.953	56.348	55.527	51.379	2	3	3	2
2	-.263	54.775	44.272	58.101	50.396	4	4	3	4
2	-.263	42.726	50.236	46.664	52.143	2	3	3	3
2	-.812	39.883	45.671	42.375	33.03	3	3	3	4
1	-.284	52.608	51.635	46.807	52.579	3	3	3	1
1	-1.417	61.136	58.262	71.397	62.519	3	3	2	3
1	-.801	35.822	37.277	31.366	36.415	3	3	2	3
2	.117	41.779	36.467	42.946	34.341	4	4	4	4
1	1.011	41.779	48.911	28.934	47.009	3	3	3	2
2	-.381	44.35	39.633	42.231	39.801	2	2	3	3
2	.225	48.546	39.706	44.375	41.767	4	4	3	3
2	-.142	56.94	45.892	51.096	54	3	3	3	2
1	-.126	48.277	43.241	48.951	47.774	3	3	3	3
2	1.055	65.468	65.405	58.101	64.266	3	3	3	3
1	1.541	55.044	41.915	53.24	62.736	2	3	3	3
1	-.985	44.216	54.581	57.816	46.9	4	4	3	4
2	-.958	36.228	35.363	42.804	38.381	4	4	3	3
2	-.032	37.853	44.42	60.39	43.405	4	4	4	4
1	.048	44.079	44.345	48.809	42.532	4	4	4	4
2	.387	61.272	63.122	44.52	64.266	2	3	3	3
2	.051	58.971	49.426	48.951	54.436	3	3	3	3
1	.331	46.381	45.524	51.096	50.396	3	3	4	3
1	.263	45.84	52.519	57.816	52.251	2	4	2	3
2	-.054	31.355	37.277	35.655	29.643	2	3	2	2
2	-.313	50.577	51.414	33.224	46.9	3	4	3	4
1	-.632	61.136	61.871	71.397	66.013	3	3	3	3
2	-.047	54.909	47.807	53.383	54.764	2	1	3	3
2	.938	55.044	57.232	53.527	55.528	3	3	3	3
1	-.71	61.001	63.859	60.245	54	3	3	3	3
2	-.682	67.499	68.94	71.542	66.232	2	3	3	3
2	-1.013	52.608	49.059	38.228	48.647	2	3	2	3
2	-.562	35.957	39.706	40.373	42.422	2	3	1	2
2	.306	54.503	58.337	51.096	50.396	3	3	3	3
1	-.064	56.94	61.944	66.966	62.519	3	3	2	2
1	.646	52.473	56.348	62.534	59.023	3	3	3	2
2	-1.042	51.12	38.602	46.664	49.63	3	3	2	2
1	.358	63.167	71.222	69.397	67.761	4	3	4	3
1	1.136	67.499	61.871	64.679	66.013	3	4	4	4
1	-.282	37.581	45.745	54.67	53.89	2	3	2	3
2	1.304	52.473	43.536	51.238	53.126	3	3	3	3
2	-.618	50.577	36.246	44.52	55.638	1	4	1	3
1	.323	54.909	42.136	53.527	48.757	3	3	3	3
2	.107	44.079	45.524	51.238	47.009	3	3	3	3
1	.276	65.334	56.348	62.39	57.494	3	4	3	4
2	-.502	46.381	44.272	42.375	47.883	3	3	2	3
1	-.451	43.81	57.232	57.959	51.596	2	3	3	3
1	-.668	56.94	52.445	48.809	45.043	3	3	2	3
2	-.142	58.971	58.41	44.52	52.251	4	4	3	4
2	.54	29.324	36.172	49.238	28.66	3	3	2	2
2	-.265	31.49	38.529	44.804	30.299	2	3	3	3
2	-.22	61.272	50.089	49.094	60.006	2	3	3	3
1	-.505	63.167	63.049	69.253	66.123	3	4	3	3
2	.708	52.608	64.227	55.527	55.747	3	3	3	3
2	-.26	61.136	53.698	57.959	59.132	3	3	3	3
1	.137	48.412	45.377	44.804	50.504	4	4	4	2
1	.812	56.94	57.084	58.101	55.747	2	3	3	3
2	.53	54.638	49.059	39.944	47.009	4	4	4	4
2	.064	45.028	32.712	37.942	48.757	3	3	3	3
2	-.637	52.608	47.807	46.664	42.641	3	4	3	3
2	.533	48.412	47.807	35.797	46.136	3	4	4	4
2	.29	58.971	63.343	62.39	57.494	3	3	3	3
2	-.503	57.075	54.213	51.525	45.043	3	4	3	3
1	-.219	40.018	37.351	36.084	50.396	4	4	3	4
2	-.593	54.775	58.337	57.959	59.023	4	3	3	3
1	-.393	36.093	53.771	48.951	47.774	3	2	3	2
2	.215	50.307	56.348	62.248	55.638	2	4	3	4
2	-.214	56.669	61.871	55.672	64.485	3	3	3	3
2	-.283	39.748	44.641	50.38	54.217	2	2	2	2
2	-.925	48.412	59.588	37.942	41.877	3	3	3	2
2	.685	54.909	56.127	57.816	54.655	3	3	3	3
2	.03	61.136	50.163	55.672	54.764	4	2	2	3
2	-.589	55.587	52.593	47.236	55.528	3	3	3	3
1	-.407	63.303	67.761	67.108	59.898	3	3	3	3
2	-.204	63.167	51.268	60.39	57.385	2	3	2	3
1	1.058	63.303	59.956	57.816	64.266	2	4	3	4
1	1.799	61.136	68.94	69.11	62.519	3	3	3	3
2	-.518	61.136	52.593	51.382	55.747	3	3	3	2
2	-1.053	35.687	41.327	44.804	34.777	3	2	2	2
2	.231	48.277	40.885	38.086	44.279	1	1	1	1
1	-.759	39.748	39.633	42.088	47.009	3	3	3	3
2	.415	46.516	36.099	42.231	45.917	3	3	3	3
2	.685	67.499	60.692	53.383	62.519	3	3	3	3
2	.608	65.334	64.301	71.397	60.881	3	4	3	3
2	-1.329	39.883	50.236	57.959	52.907	3	2	3	3
1	-.372	48.277	36.246	39.801	52.143	4	3	4	3
1	-.543	27.294	37.351	36.084	36.634	1	1	1	1
1	.238	50.442	47.733	55.814	55.528	3	3	2	3
2	-.139	56.805	57.158	51.238	44.388	3	3	3	3
2	-.066	61.136	61.944	58.101	59.898	3	3	3	2
1	-1.482	50.171	42.211	49.094	64.266	3	3	3	3
1	-.57	54.909	54.802	58.53	54.217	2	3	3	3
1	-.862	52.744	38.529	49.094	49.521	3	3	2	2
2	1.326	63.167	62.165	57.816	60.77	4	4	3	4
1	-.749	33.791	37.277	33.51	35.651	3	1	3	1
2	-.228	43.944	46.923	47.664	56.511	3	3	3	3
2	-.385	38.124	42.357	45.233	42.968	3	1	3	2
1	-.477	48.14	44.42	51.525	40.894	3	3	3	3
1	-1.178	48.277	39.633	41.946	53.89	4	3	3	4
1	-1.251	43.944	35.068	39.801	42.532	2	3	3	2
1	-.632	46.246	45.966	60.103	53.781	4	3	2	3
1	-.956	37.987	41.253	46.807	46.136	4	3	2	3
1	1.251	59.105	56.053	62.819	62.519	3	2	2	2
1	.233	40.018	51.268	49.094	45.262	3	3	2	3
1	-1.067	46.11	56.053	39.944	52.251	4	4	2	4
1	-.956	56.128	61.871	62.534	62.519	2	2	3	1
2	-.733	44.079	45.45	53.383	45.371	3	4	3	2
2	-.627	52.744	54.802	47.378	51.269	2	3	3	3
1	1.68	45.84	48.469	49.238	59.898	3	3	3	3
1	-1.207	44.216	40.885	37.513	43.624	2	2	1	3
2	-1.206	61.136	52.151	44.52	52.143	3	3	3	3
1	.905	48.683	50.31	51.096	66.013	3	3	3	2
1	-.236	56.805	67.835	64.679	62.519	3	3	3	3
1	-1.131	56.805	60.692	44.52	57.385	4	4	2	4
1	.235	61.001	57.158	62.534	47.009	4	3	3	3
2	-.142	56.805	61.061	53.383	57.385	3	3	3	3
1	-1.764	33.791	35.068	35.797	26.149	2	2	3	2
2	1.304	56.94	45.597	53.24	48.757	4	4	4	4
1	.812	63.438	64.227	71.397	62.736	2	2	2	2
2	-.183	52.744	38.75	53.527	50.504	3	4	2	3
2	.788	67.499	66.583	64.821	62.628	4	4	4	3
2	-.008	54.775	48.101	42.517	46.136	2	3	1	3
2	.438	63.167	65.405	57.959	60.77	1	2	2	1
1	-.678	52.744	53.844	53.383	60.77	3	3	3	2
2	-.661	54.638	37.645	51.238	57.385	2	3	3	3
2	.03	50.442	55.023	46.52	57.276	3	4	3	4
1	-1.541	35.687	38.455	42.517	26.913	4	4	3	1
1	-.106	48.277	50.236	55.672	57.385	4	2	3	1
1	-.287	31.49	46.923	40.086	39.801	2	2	3	3
1	-.388	48.277	54.949	55.672	55.528	2	3	2	3
1	.438	44.216	39.633	46.807	30.954	4	3	4	2
1	-.678	63.167	53.256	55.385	62.519	4	4	4	4
2	-.499	67.499	65.405	64.821	59.242	2	3	2	4
2	.211	65.334	68.866	62.39	60.989	3	3	3	3
2	-.5	59.105	49.059	53.383	47.883	3	4	2	3
1	-.461	37.853	44.493	42.375	26.367	3	4	3	2
2	.513	57.075	50.089	53.383	43.951	3	3	3	4
2	.122	50.848	47.954	48.809	37.398	3	3	3	3
1	1.099	32.438	49.059	42.231	43.515	4	4	2	3
2	1.043	54.775	66.583	57.816	67.761	3	3	3	3
2	.438	39.883	58.704	35.512	45.371	3	3	3	2
1	.161	50.171	49.279	55.814	55.638	4	4	1	4
1	.408	58.971	49.059	60.39	55.747	3	3	3	1
2	-1.569	67.499	66.583	51.238	60.881	3	3	3	3
1	-.683	46.381	44.272	55.672	41.002	4	4	3	4
1	-.451	56.94	60.692	51.238	53.126	4	3	3	3
2	-.197	48.412	49.059	53.383	46.026	3	3	3	3
2	-.684	46.381	47.954	42.231	35.76	3	3	3	2
2	-.707	41.779	40.885	38.086	45.371	4	4	3	2
1	-.067	50.713	40.885	46.807	51.269	4	3	3	4
1	-.392	50.713	43.241	49.238	43.515	4	4	4	4
1	-.156	50.442	54.875	55.672	45.262	3	3	2	4
1	-.941	33.52	44.493	35.368	44.279	3	3	3	2
2	-.315	54.638	40.885	53.956	47.774	3	4	2	4
2	.881	63.303	58.41	60.245	62.519	3	3	3	3
2	.98	50.713	59.588	48.951	51.269	3	3	3	3
2	-.618	35.822	32.638	46.807	45.371	4	4	2	4
2	-1.034	48.277	44.345	44.662	45.153	4	4	4	3
1	-.547	58.971	48.175	50.953	56.511	3	3	3	2
1	-1.22	52.879	31.533	46.664	48.647	4	4	2	4
2	-1.106	38.124	39.56	47.093	32.265	3	3	3	2
1	-.298	48.277	50.163	50.953	40.675	2	2	3	2
2	.621	44.079	43.02	44.662	46.245	4	4	4	4
2	-1.578	31.49	42.136	42.375	31.392	4	3	2	2
1	-1.171	35.687	39.56	37.942	38.272	4	4	4	3
1	-.535	37.718	45.671	35.226	43.624	2	3	1	3
2	-.142	45.975	49.059	55.527	60.77	1	2	3	3
1	-.707	56.94	57.526	52.811	59.898	3	4	4	4
1	.225	65.334	58.337	66.966	66.013	2	4	3	3
1	-.119	35.687	37.497	55.956	52.143	2	2	3	3
1	1.152	53.014	51.414	58.53	55.747	4	3	2	4
1	.438	35.416	37.351	42.231	32.265	4	3	4	3
2	.651	56.94	50.089	54.098	50.396	4	3	3	3
1	-1.513	36.093	42.873	30.365	41.439	4	3	3	4
2	-1.475	28.512	32.564	28.792	31.719	3	4	3	1
2	-1.533	52.067	52.74	44.804	46.136	2	3	3	2
1	-.271	46.516	56.053	55.672	55.747	4	4	2	3
1	.562	59.105	64.227	60.819	58.149	4	4	4	3
1	-.485	52.473	56.422	44.662	45.371	2	4	3	3
2	.011	54.909	59.809	53.383	48.757	3	4	1	4
2	-.315	42.049	57.158	55.814	45.153	3	3	3	3
2	-1.206	37.853	33.89	44.52	40.128	4	2	4	1
1	.471	56.94	67.688	62.248	64.485	3	3	2	3
1	0	61.136	53.698	55.527	51.269	3	3	3	2
2	-.003	65.334	57.158	51.667	55.528	4	4	4	4
2	-.86	42.185	45.597	48.951	47.009	2	3	3	2
1	-.442	48.412	37.203	31.223	40.894	4	1	2	2
2	1.033	67.499	61.944	64.679	64.266	3	4	3	3
1	-.119	40.561	47.291	45.52	50.396	3	3	2	3
1	.095	50.307	46.629	51.238	46.136	2	2	2	2
1	.72	44.216	44.714	51.238	48.866	3	3	3	3
2	-.734	65.468	65.405	69.397	67.761	2	3	2	3
2	.419	52.744	47.88	46.807	48.757	3	3	3	3
1	-.144	65.334	51.93	57.959	64.266	4	4	3	2
1	.974	52.744	66.657	51.096	55.638	4	4	3	4
1	.129	45.569	45.966	62.819	59.242	3	4	2	3
2	-.124	44.35	42.432	46.664	39.145	3	3	3	2
2	-.714	39.883	48.911	49.094	55.528	2	4	2	4
2	.11	63.167	58.41	55.814	54.655	4	4	3	4
2	.956	52.744	52.445	46.52	55.638	3	3	3	3
1	.299	63.303	65.405	64.679	69.508	3	3	3	2
1	-.835	48.412	46.629	58.53	44.388	2	2	3	3
1	-.903	52.879	55.98	53.383	49.194	3	4	4	3
2	1.002	61.136	55.023	62.534	55.528	3	4	3	3
2	.25	61.136	56.053	56.385	60.881	4	4	3	2
1	-.171	57.481	55.98	60.245	62.519	2	3	2	3
2	1.304	52.473	47.88	46.949	49.63	2	4	4	4
2	-.168	65.334	53.623	57.959	47.119	3	3	3	3
2	.811	65.334	67.173	60.532	59.023	3	3	3	3
2	-1.417	37.718	49.059	42.231	42.641	4	3	3	1
1	-.826	50.577	46.775	40.23	43.515	2	1	1	2
2	-.004	61.001	65.405	66.823	59.242	4	4	3	4
1	.483	46.11	49.279	51.667	42.641	2	3	2	3
1	.104	54.909	39.706	44.375	42.532	2	4	2	2
1	.121	46.246	40.885	46.949	44.279	3	3	2	3
2	-.341	48.14	50.236	53.383	53.89	3	3	3	3
2	-.518	50.442	50.163	60.245	51.379	3	3	2	3
2	1.281	67.499	67.761	60.103	64.266	3	3	4	3
1	.983	67.499	64.227	66.966	66.013	3	3	3	2
1	1.067	48.546	60.913	62.677	64.266	4	4	4	4
2	1.495	63.303	55.98	53.669	69.508	3	4	3	3
2	.65	65.334	68.866	71.542	69.508	3	4	3	3
1	-.067	67.499	68.866	71.542	69.508	2	3	3	3
1	.91	56.94	65.331	66.823	52.251	3	4	3	4
2	1.628	63.303	68.866	64.679	67.761	3	4	3	4
1	.119	44.216	34.331	46.52	59.132	2	4	2	2
1	.095	61.407	56.422	49.094	54	4	3	3	3
2	-.214	61.001	52.225	57.816	55.747	3	3	2	4
1	-.379	50.307	45.745	44.52	47.883	4	4	4	2
2	.568	46.246	46.039	49.523	48.757	3	4	3	2
2	.678	65.334	66.51	64.679	64.375	4	3	3	2
2	.927	63.303	66.583	60.103	59.898	3	4	4	4
2	1.456	61.136	64.153	62.677	58.259	3	3	4	4
2	.647	63.303	62.975	62.39	64.266	3	4	3	3
2	1.27	48.277	56.053	60.39	43.296	3	3	3	3
2	.662	52.608	46.996	44.52	55.638	4	4	3	4
1	-.43	54.909	50.236	46.807	45.262	3	3	3	3
1	1.306	43.132	42.284	48.951	44.715	3	2	4	3
1	.769	37.04	38.676	42.231	45.59	4	3	3	4
2	-.104	46.246	43.168	42.231	50.286	3	3	4	4
1	1.306	61.136	53.55	40.086	56.839	3	3	3	3
1	.958	50.983	40.738	42.231	43.515	4	4	4	3
2	.128	50.171	45.597	46.664	49.63	3	4	3	4
2	.996	54.638	41.106	46.807	59.023	4	4	4	3
2	-1.202	46.246	38.529	42.375	46.9	3	4	4	4
2	.484	54.775	49.059	57.959	57.276	3	1	2	3
1	.784	54.775	45.524	48.951	43.405	3	4	2	4
1	-.641	56.805	50.457	48.809	51.379	2	3	2	3
1	.215	56.94	47.365	60.39	49.63	3	3	3	3
1	.06	61.542	63.049	64.679	57.276	4	4	3	3
1	.832	59.105	70.044	60.103	56.402	3	3	3	3
1	.091	50.442	67.688	62.534	62.519	3	4	3	3
2	-.414	54.775	46.85	44.804	57.494	4	4	3	4
1	.058	52.473	57.305	51.238	65.14	3	3	3	3
1	-.728	40.289	38.75	38.086	39.255	3	4	2	3
1	-1.381	56.805	59.588	66.823	57.385	3	2	3	2
1	-1.131	37.581	40.443	46.664	49.521	4	3	3	3
2	.324	52.608	50.31	42.66	52.143	2	3	3	2
2	.401	61.136	59.809	48.809	52.143	2	2	4	2
2	-.509	45.975	56.127	44.662	51.269	2	3	3	2
1	.388	54.775	63.049	56.1	48.647	4	4	3	2
1	1.176	52.744	57.232	57.816	62.628	3	3	3	3
1	-.879	58.971	60.913	54.098	56.075	3	2	3	1
2	-.668	46.246	39.781	47.236	42.75	2	3	3	3
2	-.36	58.971	59.809	57.672	52.143	3	3	2	3
1	-.41	46.652	37.203	45.091	50.396	3	3	4	2
2	.073	43.267	39.633	47.093	34.777	3	3	3	2
1	-1.417	35.957	45.45	44.52	33.794	3	4	3	2
1	.633	65.334	68.866	69.253	64.266	3	3	4	3
2	1.174	61.136	64.227	60.39	62.519	4	4	3	4
1	-.563	37.581	46.775	37.799	48.866	2	3	2	3
2	.955	61.136	65.331	62.534	59.023	4	4	3	4
2	.321	52.744	56.201	44.52	57.385	4	4	3	4
1	-.494	31.355	47.217	35.655	45.262	4	3	3	4
2	.343	65.334	54.949	62.819	57.494	1	3	4	4
1	.123	54.638	44.125	52.24	57.494	3	3	3	3
1	-.665	53.691	44.641	58.53	55.638	3	3	3	3
2	-1.904	44.35	39.781	42.517	48.757	4	4	4	4
2	.709	46.11	53.698	55.672	48.647	3	3	3	3
2	-.624	65.334	65.405	57.816	55.747	3	3	3	2
2	.108	59.512	46.775	53.24	47.447	3	3	2	2
2	.502	67.499	65.331	55.672	62.628	3	4	4	3
1	-.208	36.634	38.529	31.223	45.262	3	3	4	2
2	-.937	48.277	51.93	53.24	57.494	3	3	3	2
1	1.605	59.105	64.374	57.959	60.77	3	3	3	3
2	1.085	58.971	65.331	49.238	55.638	2	3	2	3
1	-.499	44.35	46.554	57.816	66.013	3	3	3	3
1	.798	40.018	40.296	35.655	35.979	3	3	3	3
2	-.485	52.879	67.761	65.25	53.89	4	3	2	3
1	.678	63.167	64.153	62.963	64.266	3	4	3	3
2	-1.575	39.883	36.246	44.949	42.641	2	3	2	2
2	-1.032	40.018	40.885	46.949	40.894	3	3	3	2
1	.281	50.442	57.158	51.096	49.521	3	2	3	3
2	-.203	54.909	53.771	51.238	50.396	1	3	3	3
2	-.366	67.499	56.422	62.39	59.023	3	4	3	4
2	-.502	50.307	53.698	53.669	46.791	3	3	3	2
1	.622	67.499	69.013	73.829	69.508	3	2	3	2
1	-.727	37.581	43.094	40.23	49.413	2	3	3	2
1	-.271	50.577	46.702	44.52	38.381	2	3	3	3
1	-.304	50.577	51.414	51.238	52.907	3	3	2	3
2	.233	44.216	44.566	36.226	48.539	3	2	3	1
2	.192	54.775	43.168	49.094	45.262	3	3	3	3
1	.687	61.001	53.108	64.679	59.132	2	3	3	3
1	.204	65.334	65.773	64.535	61.645	4	3	4	3
1	1.724	54.909	51.562	51.382	55.747	4	3	3	3
1	.483	63.438	64.301	62.534	62.628	1	3	4	3
2	-.45	63.167	60.692	55.672	47.009	3	3	3	2
2	-.267	65.334	61.871	48.809	61.753	3	3	3	3
1	.341	67.499	67.761	69.397	69.508	2	3	3	2
2	.108	37.581	48.101	36.941	47.337	3	3	3	3
2	.902	67.499	57.158	62.39	57.494	4	4	4	4
1	-.831	42.185	50.236	55.672	59.023	3	3	2	2
1	-.687	44.35	56.053	37.799	53.89	1	2	4	2
2	-1.311	39.748	45.524	37.942	43.405	2	2	2	2
1	-.678	52.879	39.781	39.801	43.405	2	2	3	3
2	.238	50.577	50.163	49.523	55.638	3	3	3	3
2	-.215	65.334	59.588	64.679	69.508	2	3	2	2
1	-1.475	41.779	42.211	58.101	43.624	3	3	3	2
2	-.187	63.303	62.975	60.103	57.276	3	4	1	3
1	-.335	37.853	45.818	31.508	33.903	2	3	2	2
1	.101	56.805	61.944	64.679	62.628	3	4	3	2
1	.632	54.775	51.709	57.959	54	4	3	3	3
1	.35	48.683	45.45	47.522	50.504	3	3	3	3
1	-1.22	46.922	43.168	44.375	46.573	2	3	2	3
2	.122	63.303	66.583	64.964	57.276	3	4	3	3
1	-.938	34.604	42.873	44.52	36.524	4	3	3	3
1	1.422	58.836	63.27	60.245	62.519	2	3	3	3
1	.429	54.638	54.802	53.669	52.143	2	3	2	3
2	1.628	61.001	65.7	62.963	59.023	4	4	4	4
2	.389	61.542	63.122	57.959	47.009	2	2	2	2
2	-.744	46.11	60.766	51.238	55.638	4	3	3	2
2	-.142	59.105	49.059	55.527	55.638	2	4	2	3
1	-.291	50.307	55.98	53.383	58.149	3	4	3	4
1	-1.311	33.385	50.163	49.094	51.16	3	3	3	2
1	-.444	54.638	57.526	51.096	62.736	3	3	3	3
1	-.051	37.581	59.514	56.1	50.286	2	2	2	2
1	.905	48.277	41.032	55.956	62.736	3	3	3	3
1	.697	65.334	70.044	67.108	62.519	3	3	3	3
1	.033	52.608	48.984	44.233	47.664	4	3	4	3
1	.18	46.11	47.733	46.807	39.145	4	4	4	4
1	-.078	61.001	65.331	62.534	60.77	3	3	3	3
2	1.055	67.499	51.341	47.378	53.89	3	4	3	3
1	.224	65.334	67.688	64.821	67.761	4	4	3	4
1	.189	58.971	60.692	58.101	50.396	3	3	3	3
1	1.002	52.879	52.593	51.096	57.276	4	4	3	4
2	.853	61.136	62.165	53.383	59.023	3	4	3	3
1	1.108	67.499	65.405	69.11	67.761	3	3	3	2
2	.572	44.216	54.802	53.527	50.396	2	2	2	3
1	.7	67.499	67.688	73.829	63.392	3	2	3	1
1	.841	43.944	50.384	53.527	62.519	2	1	2	1
1	-.049	42.32	37.645	45.091	53.781	4	4	3	4
1	.927	65.334	63.122	66.966	69.508	4	4	4	3
2	1.326	61.136	64.153	60.245	54	4	4	4	4
1	.03	46.516	53.623	53.527	52.251	3	4	3	2
2	.808	59.105	63.049	62.248	62.519	3	3	3	3
2	-.211	61.679	52.593	46.664	53.89	3	3	3	3
1	-.355	48.546	48.911	44.375	43.405	3	3	3	3
1	1.011	65.334	58.704	58.53	59.132	3	3	3	2
1	1.476	65.334	68.94	71.542	69.508	2	3	3	3
1	1.391	63.167	71.222	60.39	60.989	3	3	3	3
2	1.041	59.242	60.104	53.383	55.747	3	4	3	3
2	1.419	59.105	63.049	57.959	69.508	4	4	3	4
1	1.547	61.136	61.061	60.245	67.761	3	3	4	2
1	1.154	63.303	64.227	60.245	60.77	3	4	3	3
2	1.797	61.542	52.519	60.103	55.638	2	3	3	2
2	.806	59.105	66.877	62.819	57.494	3	3	3	4
2	.819	65.334	59.441	66.966	60.881	3	3	4	3
2	1.014	56.94	63.122	60.245	53.89	4	3	3	4
2	1.246	63.303	62.975	54.098	57.276	3	3	3	3
2	1.531	67.499	71.222	66.966	66.013	3	4	3	4
2	.808	56.94	63.122	51.667	52.143	3	3	3	3
2	.719	61.136	64.227	53.527	62.519	4	3	3	3
2	.647	65.468	67.688	73.686	69.508	2	4	3	3
2	1.647	65.334	68.866	64.679	66.013	4	4	4	4
2	1.035	65.468	58.337	64.679	57.494	3	4	3	3
2	1.243	50.848	46.629	44.662	59.132	3	3	3	3
2	-.561	42.185	35.215	40.086	40.894	1	2	2	4
1	1.176	45.434	51.562	51.096	49.194	3	4	3	3
1	1.131	67.499	61.871	64.821	62.519	2	3	2	3
2	.562	67.499	61.944	64.535	62.628	4	4	4	4
1	1.874	48.546	53.992	40.515	55.747	2	3	3	3
2	1.27	43.403	53.477	58.387	59.023	4	3	2	2
2	1.227	54.775	64.227	45.091	55.528	3	2	3	2
2	.905	56.805	54.949	53.24	53.89	4	4	4	3
1	.6	65.468	64.153	69.253	67.761	3	4	3	4
1	.762	50.442	61.797	51.096	57.276	3	4	2	3
1	1.05	58.836	67.688	64.106	57.276	3	4	3	3
1	1.11	61.407	45.597	42.946	59.132	2	3	3	1
2	1.378	52.473	39.56	46.949	43.515	3	3	3	3
2	1.326	61.136	67.688	53.383	66.013	2	3	3	2
1	.634	63.167	67.761	66.966	62.519	3	4	3	4
1	1.099	48.277	52.593	62.39	59.023	3	3	3	3
1	1.022	59.242	68.866	55.672	66.013	3	3	2	2
1	-.793	61.407	48.027	51.382	55.747	3	4	3	2
2	.483	61.001	61.944	42.088	55.747	4	4	4	4
1	1.531	67.499	43.315	55.672	67.761	3	4	4	4
1	.85	47.193	34.994	37.799	37.945	1	4	1	1
1	1.557	67.499	65.331	71.397	66.013	2	3	4	2
1	.569	58.971	67.688	55.956	64.266	3	4	3	3
1	1.164	67.499	67.982	75.973	69.508	3	3	3	3
2	.922	61.136	67.688	66.966	69.508	4	3	4	2
2	.927	65.334	70.044	69.11	62.519	3	3	3	3
2	1.401	63.167	63.27	64.535	64.375	3	4	4	3
1	1.035	56.805	60.692	55.672	54	3	3	3	4
1	.885	58.836	45.597	51.382	47.009	3	3	3	3
1	.328	37.853	40.811	44.375	57.494	2	3	3	3
2	.225	49.359	44.493	45.662	47.009	4	4	4	2
2	-.016	52.744	44.272	55.527	57.385	4	4	4	4
1	-.743	48.412	42.211	49.667	55.092	4	4	3	4
1	.401	61.272	52.519	37.657	55.747	1	3	2	3
1	.151	44.216	53.623	48.951	48.757	3	3	2	3
2	-.095	65.334	61.871	66.823	62.519	3	3	3	3
1	.033	50.442	37.645	37.942	50.504	2	3	3	3
2	-.082	54.775	64.227	57.959	49.521	3	3	3	2
2	-1.133	46.381	42.357	47.093	33.139	3	4	3	3
2	1.379	52.608	61.871	67.108	66.013	4	3	3	4
2	-.219	56.669	52.519	57.959	57.385	3	3	2	3
2	-1.718	35.687	37.424	49.238	45.153	3	3	2	3
1	-.36	52.608	52.445	57.243	59.023	3	3	3	2
2	-1.29	31.49	37.351	40.086	43.515	3	3	2	2
1	-.956	33.52	37.13	49.094	48.757	1	3	2	2
1	.663	42.049	40.148	36.084	57.276	2	3	3	2
2	.319	56.94	44.42	44.52	52.034	4	3	3	4
2	.685	67.499	67.761	64.679	64.266	3	3	3	3
1	-.76	63.303	67.688	62.248	64.266	2	3	2	3
1	.03	61.136	53.918	60.245	62.736	4	4	3	4
2	-.518	42.049	45.45	44.52	43.515	4	2	4	3
2	.281	37.853	36.172	42.517	34.777	3	4	4	2
2	-.915	31.49	36.761	42.088	40.894	1	3	3	3
2	-.559	48.14	46.702	44.233	54.655	2	3	3	3
1	-1.252	48.277	47.733	46.664	40.894	2	2	3	2
2	.019	51.389	47.88	58.53	40.675	4	3	3	2
2	-.665	44.757	42.284	56.243	50.504	3	3	3	2
1	-.549	39.883	45.524	53.527	41.877	4	3	2	3
2	-.485	48.412	60.766	55.672	53.781	4	3	3	3
2	.209	50.442	51.635	49.523	59.023	4	3	4	3
2	.533	41.914	43.315	42.375	39.255	2	3	3	3
2	-.142	44.079	53.623	33.653	44.279	2	3	2	2
2	-.784	50.577	38.602	44.662	41.767	2	4	1	2
2	.224	47.465	42.063	44.662	59.132	3	3	3	3
1	-.656	52.744	42.063	39.801	48.647	3	4	2	2
1	-.553	35.957	39.781	35.797	41.002	4	4	3	3
2	-.121	51.932	63.049	58.101	50.504	3	3	2	2
1	-.089	40.018	43.388	39.944	33.903	3	2	3	2
2	-.993	48.683	59.662	51.238	53.781	3	4	2	4
2	1.174	65.334	66.583	66.966	59.132	3	3	3	3
1	.698	52.608	52.151	62.534	50.504	4	4	4	3
2	-.704	42.185	37.277	35.655	43.951	4	4	3	4
1	-.492	48.546	43.241	42.231	40.02	4	4	4	4
1	-1.417	44.216	36.835	33.51	49.521	3	3	3	3
2	-.094	48.14	48.984	49.094	50.504	3	3	3	2
1	-.332	54.775	52.666	60.103	60.77	3	3	3	3
2	-1.329	40.018	47.88	46.52	40.784	3	4	2	1
1	-1.404	40.289	44.272	34.939	48.647	2	2	3	3
2	.558	65.468	63.27	58.101	64.266	4	3	3	3
2	-.856	37.718	40.811	40.659	45.262	1	3	3	4
1	-.432	35.957	34.111	26.79	27.022	2	2	2	2
1	.04	40.154	47.807	31.937	39.255	1	2	2	3
2	.249	52.473	63.27	53.24	62.519	3	2	2	3
2	-.114	56.669	55.98	57.53	52.143	2	3	2	2
1	-1.26	37.718	44.199	44.662	47.883	3	3	3	3
1	.108	32.438	36.099	38.944	38.818	1	3	3	4
1	-.018	56.805	52.519	55.814	54	3	2	3	2
2	.313	65.334	52.666	55.814	55.747	3	4	4	4
1	.39	54.775	64.227	55.814	43.515	4	3	3	2
2	-.282	37.853	38.529	44.662	42.641	3	3	3	2
2	.009	67.499	65.479	65.25	62.955	3	3	3	4
2	.335	63.303	57.232	53.812	55.638	4	3	4	3
1	-.465	50.442	39.854	51.096	57.494	2	2	1	2
2	-.586	44.216	38.823	51.238	33.139	1	1	1	1
2	.313	57.346	53.698	57.816	62.519	3	3	2	2
2	-.071	58.836	50.31	47.236	55.638	1	3	4	2
2	-.802	44.216	46.702	44.375	50.504	3	3	3	3
1	-.549	48.683	37.572	39.944	42.641	4	4	2	3
1	.634	39.748	41.032	51.238	46.791	2	3	1	4
2	-.336	56.94	61.797	58.101	48.757	3	3	3	3
1	-.76	45.028	47.807	48.38	53.89	4	4	3	3
1	-.431	59.105	58.704	55.672	62.519	3	3	4	3
2	-.632	32.438	28.588	31.079	25.275	2	2	2	2
1	.812	35.687	42.799	39.944	46.026	4	4	4	4
2	-1.106	37.853	36.909	40.23	33.139	3	2	3	2
1	-1.258	40.154	34.184	33.368	35.651	4	3	4	3
1	-.56	48.683	47.807	53.383	59.132	2	3	3	2
1	.141	61.272	54.802	60.245	55.747	3	2	3	3
1	-.212	48.14	48.101	53.527	56.511	3	3	3	3
1	-1.282	46.11	44.641	35.368	42.532	3	4	3	4
2	-.41	33.52	41.032	42.517	46.136	2	3	2	3
2	.171	50.307	43.094	57.959	54.764	1	3	4	3
2	-.39	56.805	59.662	46.664	47.009	2	3	3	3
2	.808	65.334	66.583	64.821	60.77	3	4	3	3
2	-.181	61.136	58.337	56.243	55.638	4	2	3	3
1	-.514	33.791	34.7	33.368	40.02	1	2	2	4
1	.972	55.181	50.31	55.672	62.519	4	3	4	3
1	-.291	44.079	44.345	45.662	48.647	3	4	2	3
1	-.45	46.246	37.645	37.799	34.013	3	3	2	2
2	.128	39.883	40.738	45.091	48.757	3	3	3	2
1	-.132	54.909	51.635	38.086	57.276	2	4	3	3
2	-.419	67.499	38.455	46.807	54.327	4	4	3	3
2	.2	52.744	52.961	42.375	45.262	3	3	3	2
2	-.315	46.246	44.272	47.093	40.456	4	4	3	3
2	-.869	54.775	47.88	55.956	49.74	4	3	3	3
1	-1.828	40.561	40.885	37.084	37.507	3	3	3	2
2	.685	50.442	51.414	46.664	59.023	3	3	2	3
2	-.792	39.477	44.42	33.51	44.17	3	3	3	3
1	-.756	38.259	32.122	40.086	50.504	2	2	3	3
1	-1.575	45.704	51.268	37.942	49.413	3	4	2	2
1	-.812	46.381	43.168	37.942	35.76	3	3	2	3
1	.304	36.228	42.357	38.371	39.911	3	2	2	3
2	-.171	58.971	63.049	64.821	59.132	3	4	1	3
2	.206	65.334	67.835	57.959	59.023	4	4	3	4
2	.775	54.775	59.588	46.807	59.132	3	3	3	3
1	.358	63.438	55.023	48.809	60.77	2	3	1	2
1	.958	58.836	62.239	73.686	66.013	2	2	3	1
1	.905	67.499	56.127	59.388	48.757	4	4	3	3
2	.883	65.334	69.234	54.098	66.013	3	3	3	3
1	-.586	67.499	68.94	73.686	62.519	4	4	3	4
1	.005	61.001	63.638	61.961	64.266	3	4	2	4
1	-.48	50.713	54.507	64.821	55.638	3	4	3	3
1	-.168	36.363	37.203	51.238	35.76	3	3	3	3
1	-1.127	35.687	38.97	31.652	52.143	3	3	3	4
2	-.428	56.94	58.337	53.669	51.706	3	4	3	2
1	1.127	54.775	57.747	49.094	62.519	3	3	3	3
1	-.267	39.883	39.706	40.086	43.296	4	2	4	2
2	-.957	31.49	42.063	35.797	37.29	3	1	4	1
1	.85	40.154	41.915	42.088	36.415	3	3	3	2
1	.612	48.412	59.662	60.103	55.638	4	3	3	4
2	.568	61.136	56.274	60.674	60.77	3	3	3	3
2	.093	54.909	39.633	49.238	66.232	3	3	3	3
2	-.64	33.52	41.253	40.23	38.272	3	2	3	2
2	-.925	44.216	49.132	44.52	41.877	3	2	2	1
1	1.302	56.669	48.984	49.094	62.519	4	3	3	3
1	.903	56.669	70.044	67.108	60.881	2	3	3	4
2	-1.578	33.114	32.638	36.513	35.651	2	3	2	1
1	-1.042	37.853	44.345	53.527	52.251	3	3	3	3
2	-.084	61.272	62.092	57.816	54.873	3	4	2	1
1	-.984	47.328	52.077	53.956	53.017	3	3	3	2
2	.461	46.381	52.519	48.809	40.566	3	3	3	3
2	-1.333	44.216	40.738	53.527	40.784	4	2	4	2
2	.656	59.783	55.17	58.53	47.774	2	4	2	3
1	.18	57.075	39.633	53.527	47.009	3	3	3	2
1	-.007	56.805	65.405	62.534	59.898	2	4	3	4
1	.63	50.442	57.968	61.676	57.385	3	4	3	3
2	.281	37.853	38.75	51.954	41.767	2	4	3	2
1	.55	46.11	45.524	55.098	64.266	2	4	3	4
2	-.386	54.775	53.698	69.253	66.013	3	3	3	2
1	-.383	39.748	36.467	64.821	52.143	4	4	4	4
1	-.763	57.075	41.253	47.378	58.259	2	3	3	4
1	1.171	48.683	59.514	51.096	62.628	4	3	3	2
1	1.378	64.25	66.583	69.11	67.761	2	3	4	2
1	-.501	61.001	43.168	57.672	53.781	1	3	3	2
2	-.469	63.167	67.835	64.821	64.266	4	4	4	4
2	.341	50.577	47.807	40.373	48.757	3	3	3	3
2	.48	48.546	59.809	55.672	48.647	3	3	4	3
2	-.441	36.769	43.241	39.944	33.03	3	4	3	4
1	.379	43.944	52.445	46.807	45.153	3	3	3	3
2	-.733	61.272	48.543	53.527	57.276	3	3	3	3
1	.653	46.381	43.168	51.238	59.132	3	3	3	3
2	-1.665	46.246	42.211	42.088	42.641	3	3	3	3
1	.808	37.718	39.706	51.238	46.026	3	3	3	3
1	1.206	33.657	31.46	44.52	37.398	4	3	4	4
1	-.438	40.561	41.4	30.937	43.187	3	4	1	1
1	-.105	34.469	40.59	33.51	29.207	3	1	2	1
1	.235	54.503	58.631	57.959	51.16	3	3	3	2
1	.461	31.49	36.246	31.079	43.624	4	4	3	3
1	.614	50.442	56.348	51.238	50.068	2	2	2	2
2	1.313	65.468	59.662	55.527	50.504	4	4	3	4
2	.072	56.669	65.405	57.959	66.013	3	3	3	3
1	-.488	46.246	53.623	57.816	54	3	3	3	3
1	.581	39.748	36.099	46.807	42.75	2	2	2	2
1	.838	61.001	60.692	62.677	62.519	3	4	3	3
2	.219	61.136	56.127	44.233	60.77	3	3	3	4
1	.243	52.879	49.868	57.959	62.628	4	3	4	4
1	.504	56.94	63.122	46.52	45.371	3	3	3	3
2	-.303	63.167	67.761	66.823	60.77	3	3	3	3
1	-.044	56.94	49.426	46.52	50.396	3	3	3	3
2	.178	50.713	58.262	53.956	53.89	1	3	3	2
1	.48	61.001	66.51	67.108	64.266	4	4	3	4
2	-1.009	37.987	38.455	44.52	50.832	3	3	3	3
2	1.065	63.167	69.161	71.542	66.123	3	3	3	3
2	.009	63.303	66.657	62.534	52.143	4	4	2	4
1	-.294	37.718	50.531	44.52	51.269	3	4	3	3
2	-.514	50.577	53.771	44.52	34.777	4	3	3	3
2	-.376	61.136	46.554	60.103	52.251	3	3	3	3
2	-.41	54.775	51.414	60.245	59.132	3	2	2	2
1	.581	59.105	58.704	57.959	52.689	4	3	3	3
1	-.475	63.303	63.049	71.542	66.013	2	3	3	2
2	1.154	67.499	64.153	64.821	62.519	4	4	4	2
1	.309	50.442	40.959	49.094	51.379	4	3	3	4
2	-.49	58.971	52.445	60.103	57.385	2	3	3	3
2	-.224	67.499	66.583	66.823	64.266	4	4	4	4
2	.026	48.412	42.063	44.375	48.757	3	4	3	3
2	-.126	65.334	61.871	64.679	60.989	1	2	2	2
1	.35	52.608	57.158	36.37	55.528	3	3	3	2
1	.515	42.049	37.351	46.664	48.647	3	3	3	2
1	-1.204	35.822	40.738	41.373	50.613	4	4	4	4
1	.503	44.079	45.156	55.527	53.126	3	3	3	3
2	-.291	44.216	54.213	36.084	54	3	3	2	2
1	.154	63.167	66.583	73.686	62.519	3	4	3	3
1	.806	42.049	37.645	33.51	40.02	3	4	3	3
2	-.723	30.949	29.913	36.655	28.224	2	3	2	2
1	.365	59.105	62.975	71.397	64.266	3	3	3	2
2	.35	54.775	51.562	42.66	48.975	4	3	4	3
2	1.422	65.334	71.222	67.108	66.013	2	3	3	4
1	.004	48.277	58.262	51.096	64.266	3	3	3	3
1	1.174	63.303	68.94	73.829	66.232	2	4	3	4
1	1.052	54.638	66.583	53.383	50.286	4	4	2	4
1	-.374	48.546	40.959	44.662	44.388	3	3	3	3
1	-.178	46.11	33.89	36.226	31.828	2	3	3	3
2	-.078	42.185	60.104	46.949	57.713	3	3	3	3
2	-.514	63.303	68.94	64.535	60.989	3	4	3	4
2	.535	56.94	67.761	49.094	55.638	3	3	3	3
2	-.02	52.608	45.45	50.953	53.126	3	3	3	3
1	-.906	48.412	48.911	51.096	51.16	3	3	1	4
1	-.165	52.744	60.84	60.103	57.385	3	3	2	3
1	-.504	61.001	62.975	63.534	55.747	3	3	2	2
2	.725	55.044	41.99	46.807	52.251	3	3	2	2
2	-.192	44.216	44.272	46.664	48.647	4	4	3	4
1	-.802	65.334	54.875	57.816	55.747	2	2	3	2
2	.822	65.334	70.044	66.823	62.519	3	4	3	4
1	-.378	46.381	50.089	53.669	56.075	4	4	4	4
1	1.11	65.334	68.866	48.951	64.702	3	3	3	2
2	-.045	65.334	61.871	51.525	48.757	1	4	3	3
1	1.099	39.883	55.98	55.672	56.402	3	3	3	3
2	.83	65.334	65.331	53.383	57.494	4	4	4	4
1	.588	48.818	65.405	58.387	53.89	3	3	3	3
2	1.152	67.499	65.331	69.11	67.761	2	4	3	4
1	-1.073	53.285	43.241	58.101	53.126	3	4	2	3
2	-.261	56.94	42.063	44.375	53.89	3	4	3	3
2	.317	42.455	53.918	48.951	53.781	4	4	4	4
1	.213	48.412	44.345	39.944	51.379	3	3	3	3
2	-.161	54.909	60.692	60.245	52.143	3	4	3	4
2	-1.01	44.216	54.949	30.937	42.641	3	3	1	3
2	.461	50.713	52.519	64.679	52.907	2	3	2	3
2	.513	65.468	58.337	51.811	59.023	4	4	3	4
1	.105	37.718	43.168	46.664	37.507	3	3	3	3
2	-.758	50.577	47.217	42.946	47.774	3	3	3	3
1	-.122	42.049	46.996	60.245	36.962	3	4	4	3
1	.438	37.718	44.42	31.794	38.272	3	3	2	3
1	.912	35.957	40.959	43.375	46.573	4	4	4	4
1	.229	40.154	37.572	42.231	46.354	3	4	2	2
1	-1.167	41.779	47.217	46.664	46.026	4	4	3	4
1	-.098	42.049	43.168	42.804	35.651	4	4	4	4
2	.088	50.577	55.98	58.101	54.655	3	3	3	3
2	.164	59.105	55.17	53.383	57.385	3	3	3	4
2	.276	63.303	43.241	46.807	57.385	3	4	3	4
2	-.37	54.638	60.619	66.966	53.781	3	4	3	4
1	.871	56.805	62.165	64.821	59.898	3	3	3	4
2	-.663	40.967	41.99	40.373	52.251	4	4	4	4
1	-.133	52.744	57.084	51.096	52.251	3	3	3	3
2	-.216	58.836	40.959	49.094	48.757	4	4	3	3
2	.151	35.957	43.609	37.942	47.664	2	3	3	3
1	-1.033	63.303	63.343	51.096	49.413	4	4	3	4
1	-.115	33.791	40.738	37.657	42.641	3	3	3	3
2	.989	52.744	68.866	57.959	52.579	4	4	3	4
2	.25	50.442	50.163	51.382	47.774	2	2	3	2
2	.786	50.577	46.702	51.238	50.504	3	4	3	4
2	1.799	67.499	68.866	75.973	60.77	3	4	3	4
1	1.176	48.546	58.337	60.103	62.519	3	3	3	4
2	-.272	44.35	44.272	40.23	45.153	3	3	2	3
2	.276	48.277	50.089	38.086	45.917	3	3	3	3
1	-.442	48.412	59.809	58.53	50.396	3	3	2	3
2	.678	59.105	66.51	66.966	64.266	3	3	3	3
2	-.513	63.303	63.122	55.956	60.881	2	3	3	3
1	-.452	40.018	38.455	35.797	41.767	3	2	2	1
1	.581	41.914	44.714	53.527	58.368	3	3	3	3
2	.128	61.001	65.037	60.39	62.519	4	3	3	3
1	1.164	67.499	65.331	72.113	67.761	2	3	2	3
1	1.438	61.136	57.305	67.108	55.747	4	3	3	3
2	1.345	63.303	64.153	40.086	51.379	3	4	4	4
1	-.114	63.303	54.875	66.966	59.023	4	4	4	4
2	-.022	61.136	59.662	67.108	54	3	4	3	3
1	.229	39.748	35.363	46.664	42.532	3	2	3	2
1	.633	59.105	59.514	60.532	59.023	4	4	3	3
1	-.429	44.079	53.844	60.245	66.013	4	3	3	4
2	-2.414	37.987	37.718	49.094	44.388	4	3	3	1
2	-.135	50.442	52.372	64.535	60.881	3	3	3	4
1	.516	63.167	61.061	66.966	64.266	3	3	4	4
1	-.291	42.049	36.172	38.086	25.275	3	3	2	2
2	.687	54.775	41.032	45.52	57.494	2	3	3	4
2	1.172	65.334	64.227	55.672	55.747	4	4	3	4
2	.597	49.224	46.702	57.816	45.153	4	4	3	4
2	-.499	52.879	48.911	51.667	52.251	3	3	3	3
2	.503	37.853	63.049	46.807	41.767	3	3	3	3
2	.033	58.971	64.227	59.961	64.266	4	4	4	4
2	-.26	52.744	53.623	53.383	40.894	4	4	1	3
2	-.784	44.079	45.45	41.088	34.886	3	3	3	2
2	-1.204	61.001	54.286	57.959	59.242	3	4	3	3
2	.808	48.277	57.232	49.094	51.487	2	3	2	3
1	.6	46.516	53.771	60.103	57.494	4	3	3	3
2	-.042	41.914	52.519	44.662	54	3	3	3	2
2	-.142	54.775	61.797	60.103	64.266	4	4	3	4
1	-.374	54.775	65.331	60.103	60.77	2	3	2	3
2	.036	42.185	36.54	37.942	39.255	3	4	3	3
1	.101	50.307	58.41	62.677	57.276	4	4	3	4
2	-.254	48.277	56.348	51.096	47.119	3	3	3	3
2	.767	50.442	39.118	40.659	38.709	3	3	3	3
1	.186	59.105	60.692	51.096	55.638	3	3	2	3
2	-1.004	54.503	39.633	42.375	48.757	2	4	4	3
1	-.374	43.944	54.728	46.52	47.119	2	3	3	2
1	.626	50.713	67.688	63.534	64.375	3	3	3	3
2	.475	48.412	54.875	48.951	38.381	3	3	3	4
1	-.563	37.581	58.337	48.951	39.145	4	3	2	3
1	-.224	56.94	64.227	60.39	57.385	3	3	3	3
2	.173	67.499	67.761	66.823	62.736	4	3	3	4
1	.03	58.971	59.588	57.816	59.242	3	4	3	3
1	-1.032	52.608	42.284	46.664	59.023	2	3	3	3
2	.852	67.499	62.975	58.101	64.375	3	4	3	4
1	-.234	53.691	44.272	53.527	47.009	4	3	4	3
1	-.449	54.638	45.524	53.527	49.63	3	3	3	2
2	.515	54.775	45.377	44.804	43.515	3	3	3	3
1	-.042	55.044	58.704	53.24	56.402	3	4	3	3
1	-.129	38.8	45.892	42.375	43.624	2	3	2	3
1	-.298	61.136	56.274	62.248	59.023	3	3	3	3
2	-.384	63.167	61.871	53.383	52.143	2	3	1	3
1	.486	46.381	45.45	40.802	40.784	4	4	4	2
1	-1.204	37.987	33.227	22.216	34.449	3	4	2	4
2	-.413	41.914	46.996	51.525	47.447	3	3	3	3
2	-.485	42.32	58.557	55.814	47.009	3	4	3	3
1	-1.098	44.35	43.094	35.655	44.388	3	3	3	3
2	-.668	46.246	44.272	38.086	44.17	3	2	3	2
2	.063	65.334	58.41	62.248	66.013	2	4	3	4
2	.313	59.105	51.414	44.949	55.747	4	3	3	4
1	-.194	52.473	30.282	35.941	32.156	3	2	3	3
1	-1.042	37.853	43.315	37.657	41.002	2	3	3	2
1	1.152	61.136	65.626	60.103	59.023	4	3	3	3
2	-.561	52.879	56.643	55.814	53.89	4	4	3	3
1	-.756	35.822	47.954	48.809	36.634	3	3	3	3
2	-.168	56.805	56.053	54.098	62.628	3	3	3	3
2	-.161	56.94	58.337	51.096	52.907	3	3	3	2
1	-.567	63.167	64.227	53.24	55.747	3	3	3	2
2	.398	50.713	53.844	44.091	53.89	3	3	2	2
2	-.122	38.259	52.519	31.079	32.265	3	3	2	3
1	.344	63.303	65.7	57.816	62.628	3	3	3	3
1	1.155	37.718	45.45	39.944	43.405	3	3	3	3
1	.079	65.334	65.7	57.816	63.829	3	3	3	4
1	.144	57.075	50.163	55.814	62.519	3	3	1	1
1	1.553	67.499	67.982	71.397	66.013	3	3	3	3
1	-.007	59.377	65.405	57.816	64.266	3	4	3	4
2	-.026	59.105	58.483	58.387	60.881	3	3	2	3
1	-.784	31.355	37.056	33.224	27.788	3	3	3	2
2	-.674	46.787	40.738	36.226	41.767	3	3	3	3
2	-1.04	52.608	46.923	46.949	56.511	4	4	3	2
1	.934	56.669	48.984	57.816	54.764	4	2	4	4
2	.864	50.442	43.168	46.949	47.774	4	3	3	4
1	.485	59.105	41.99	57.959	51.269	4	4	3	4
1	.482	33.657	45.524	40.23	50.286	2	2	2	2
1	-.683	56.805	59.883	51.096	57.494	3	3	4	3
2	1.874	61.272	58.41	55.956	50.504	3	3	3	3
2	.449	65.334	66.51	62.248	60.881	3	4	3	4
2	.917	61.136	62.018	63.106	59.023	2	3	3	3
1	.601	58.836	66.51	62.248	60.77	3	3	3	3
2	.931	61.136	57.305	40.23	53.89	4	4	4	3
1	.45	53.014	63.27	56.672	44.607	2	2	3	2
1	1.401	56.805	58.483	62.677	60.881	3	2	3	3
2	.357	64.25	70.118	60.245	66.123	2	3	3	3
