stu_id	sch_id	byses	bygrads	par_inv	f1locus2	f1s64a	f1s64b	f1s64c	f1s64d	f1s64e	f1s64f	f1s64g	f1s64h	f1s64i	f1s64j	f1s64k	f1s64l	optimism	Opt_Res	Loc_Res
124966	1249	-.563	3.8	1.04426062955755	-.14	5	5	5	5	5	4	4	4	4	4	5	8	4.54545454545455	.126442341707153	-.377416499864373
124972	1249	.123	2.5	-.0880872798238811	-.58	4	3	3	3	3	4	4	4	4	4	4	4	3.63636363636364	-.41198134564215	-.549173454118173
175551	1755	.229	2.8	-.389984624004106	-.59	3	3	3	3	3	3	3	3	3	3	3	3	3	-1.05183218600518	-.577116969546678
180660	1806	.687	3.5	.198951566641	.07	5	4	4	4	4	5	4	3	4	5	3	4	4.09090909090909	-.185429777772691	-.117843339617896
180672	1806	.633	3.3	.975400036677415	-.85	4	4	3	3	3	4	4	3	3	5	3	4	3.54545454545455	-.822150904373104	-1.0910730982503
298885	2988	.992	2.5	-.157113451953591	.07	4	4	4	4	4	4	4	4	4	4	4	4	4	-.0668829042986175	.0469594339447767
604419	6044	-.282	2.3	-1.94228567112183	.07	5	2	4	4	5	5	4	5	4	5	4	3	4.27272727272727	.570554570601955	.365219437278548
605377	6053	1.572	2.5	-.476600132371998	-.14	5	5	4	3	4	4	4	3	3	5	4	4	4	-.0350374091254523	-.168565055076336
637529	6375	-.714	2	-.157113451953591	.07	5	5	4	4	4	4	4	4	3	4	4	4	4.09090909090909	.163482729890388	.24118038527538
644220	6442	.321	2.5	.135894613160381	.27	4	3	3	3	3	4	4	4	4	3	3	3	3.45454545454545	-.636790430344416	.261875992710458
664105	6641	1.224	3	1.1032057367108	-.15	5	5	5	5	5	5	5	5	5	5	5	5	5	.640214296447284	-.403121750963112
664186	6641	.964	4	-.0914708659681702	.67	5	5	5	5	5	5	5	5	5	5	3	3	4.81818181818182	.498196279343303	.421468840977322
664196	6641	1.27	2.8	.939195157540415	.54	5	5	5	4	4	4	4	4	4	4	3	4	4.18181818181818	-.120555933444492	.331228570144022
665696	6656	-.291	2.8	-.451217417184603	.05	5	4	4	4	4	4	4	3	4	4	4	4	4	-.024156422983294	.106527795265366
673838	6738	-.406	4	.493519057599139	.3	5	4	4	4	4	5	4	5	5	5	4	3	4.45454545454545	.0867769188423943	.0833993300070738
700005	7000	-.867	3	-.462394382278105	-1.07	5	5	5	4	5	5	5	4	4	4	5	5	4.63636363636364	.601242541278893	-1.00078756895609
700013	7000	-.58	2.3	-.951594410723777	.07	5	3	5	2	4	4	5	4	4	3	4	4	3.90909090909091	.05688358001889	.276072877441009
700015	7000	-.241	4	.0712782338355959	.51	5	3	4	3	3	4	3	4	3	3	3	4	3.45454545454545	-.850575522565049	.328703606172376
701189	7011	.373	3.5	1.17223190884051	.77	5	5	5	5	5	5	5	5	5	5	5	5	5	.576989148035834	.496080983142532
701670	7016	.967	4	.973112350650166	-.6	5	4	4	3	3	3	2	1	4	4	4	4	3.36363636363636	-1.12862175935762	-.967220119664093
701693	7016	-.011	2.3	.975400036677415	.95	5	5	5	5	5	5	5	5	5	5	5	5	5	.816701278859341	.901318688625489
702828	7028	-.428	1.6	-.812966546740791	.28	5	5	5	5	5	5	4	3	4	4	4	3	4.45454545454545	.688330343013621	.562624632902052
708902	7089	-.163	4	.554420692280486	.07	5	5	5	5	5	5	5	5	5	3	3	3	4.63636363636364	.250440365855676	-.170589403433475
708923	7089	-.168	2.8	-.668667410586267	.37	5	4	5	5	4	3	5	3	4	5	4	5	4.27272727272727	.279534049361023	.442015838767775
708925	7089	-.142	2.5	.432286264418643	-.83	4	4	4	4	4	4	4	4	4	4	4	4	4	-.123445225271165	-.83831609431245
708943	7089	.122	1.8	-1.6437719130859	-.39	3	3	3	3	3	3	3	3	3	3	3	3	3	-.683110228959297	-.0832266474699109
709609	7096	-1.101	4	-1.9096299573787	.07	5	4	4	4	4	5	5	4	4	3	4	4	4.18181818181818	.226453785459708	.170068565526778
709625	7096	-1.065	3.5	-1.54988340616226	-.36	4	3	4	3	4	4	4	3	3	3	3	3	3.45454545454545	-.479081637091179	-.229127593709502
709663	7096	-.772	3.3	-1.97069717130962	-.39	4	3	3	4	3	3	4	4	4	4	3	3	3.54545454545455	-.297671497183389	-.203692240697743
710401	7104	-.728	1.9	-1.31684665486217	-1.49	5	4	4	4	3	2	3	3	4	3	3	3	3.45454545454545	-.268614625737568	-1.17408450239253
710405	7104	1.304	3.5	.321549520229971	1.43	5	5	5	5	5	5	5	3	5	5	5	5	4.81818181818182	.500927563066994	1.18481237046078
710442	7104	-.219	3.3	.751418143693152	.97	5	5	5	3	5	5	5	5	4	5	3	3	4.54545454545455	.243192801274289	.814198544416607
710478	7104	-.687	1.5	-.535190438381347	.07	4	3	4	4	4	4	4	4	3	4	4	4	3.81818181818182	.032125107973852	.354733369261367
710669	7106	-.911	3	.753540250470827	-.14	5	4	4	4	3	4	5	3	3	5	4	4	4	-.230264639514208	-.202991402655699
710788	7107	-.394	2.3	-1.48526702683748	-.65	4	2	3	4	4	4	4	4	4	4	4	4	3.72727272727273	-.0449834528400885	-.397709080029992
710941	7109	.15	1	-.40721915909839	-.81	4	2	2	4	2	3	4	4	3	4	1	3	3	-.754212534892764	-.525401445504838
710976	7109	-.381	2.8	-.709116503278615	-.4	5	4	4	4	4	4	4	3	4	4	3	3	3.90909090909091	-.0702806310433774	-.308396392835176
711016	7110	.126	2.8	-.319001924346297	.51	5	5	5	5	5	5	5	3	3	3	4	3	4.36363636363636	.303844874224342	.522278649116773
711993	7119	.424	1.8	-2.00564057108	.07	5	4	4	4	4	4	5	5	5	5	4	5	4.45454545454545	.819636609231276	.395655518879552
714022	7140	-.242	3	1.1032057367108	1.43	5	5	5	5	5	5	4	4	5	5	5	5	4.81818181818182	.50850193856031	1.28071114995503
715760	7157	-1.582	2.3	.252523348100261	.56	5	5	5	5	5	5	4	4	4	3	4	5	4.45454545454545	.441848765018971	.703036737780193
715822	7158	-.565	3	.944700850462379	.28	4	3	3	4	4	4	4	3	4	5	4	4	3.81818181818182	-.454824122935171	.171228247034897
716967	7169	-.627	4	-.538574024525636	.07	5	5	4	3	4	3	3	4	3	4	4	4	3.81818181818182	-.375117676112055	-.0160871431135061
718205	7182	.533	3.8	-.111347888233602	-.65	5	5	4	5	5	5	4	3	5	5	2	1	4.36363636363636	.0940555602425525	-.836436679909869
719229	7192	-.167	4	1.3328589018666	.98	5	5	4	5	4	4	4	4	4	5	5	4	4.45454545454545	-.0571342606040493	.653062239783059
719363	7193	1.312	2.8	.39167159247672	.07	5	4	4	3	5	5	4	3	3	5	3	3	4	-.215261199281887	-.0808127890961571
721955	7219	-.145	2	-.0935929727458447	-.2	3	3	3	3	3	3	3	3	3	3	3	3	3	-.957146852044815	-.0761895143368511
721977	7219	-.4	2.8	-.347413424534083	-.16	4	4	3	2	3	3	3	3	3	3	3	3	3.09090909090909	-.946309597606984	-.107304273196706
721982	7219	-.387	2.8	-1.05894756876816	-.19	5	2	4	5	4	4	4	4	4	4	3	3	3.90909090909091	-.013499022721762	-.0590390539660849
721991	7219	-.74	3	-1.52359401275215	.54	4	4	4	4	4	4	3	3	3	4	4	3	3.72727272727273	-.140566212841786	.718317279506299
723978	7239	-.19	3.5	.363260092288934	.05	4	3	3	3	3	3	3	3	3	3	3	3	3.09090909090909	-1.18202799464843	-.0940134935801236
723989	7239	.458	3	.293138020042184	1.2	5	5	4	4	4	5	5	4	3	5	4	4	4.36363636363636	.161039916565985	1.09128368687726
725368	7253	-1.086	3	-.418396124191893	.06	5	4	4	4	5	5	4	5	3	5	3	3	4.27272727272727	.23797565866377	.139827096237175
726914	7269	.58	3.3	.388288006332431	.07	5	5	4	4	4	4	4	4	3	4	3	4	4	-.27084311035253	-.101980095287928
726955	7269	1.085	3.5	1.3328589018666	.95	5	5	5	5	5	5	5	5	5	5	4	4	4.90909090909091	.435767445823973	.607775878074192
731460	7314	.401	2	-1.64818170589082	-.54	4	1	3	2	3	1	3	4	3	3	3	3	2.72727272727273	-.997119297669466	-.28185251166081
732003	7320	-.917	3	.152222470031949	-.37	5	4	3	2	3	3	3	3	3	4	3	3	3.27272727272727	-.86008399208804	-.365646340580365
732058	7320	-.633	1.8	-1.18124757587958	-.76	3	2	3	3	2	3	3	3	3	5	2	4	2.90909090909091	-.823016369547386	-.451225899634301
733008	7330	-1.004	2.3	-.0880872798238811	.94	5	4	5	5	5	5	4	4	3	4	3	4	4.27272727272727	.295360712480802	1.08000476798856
733090	7330	-1.454	2.3	-2.25929544361867	-1.12	5	5	5	5	5	5	5	5	5	5	5	5	5	1.38915311716736	-.70649118037417
734055	7340	-.062	2.8	-.0914708659681702	-1.75	5	5	5	5	5	5	4	5	5	5	5	5	4.90909090909091	.818927465563127	-1.74972752874685
734086	7340	.148	3.5	.426614992247104	.07	4	4	4	4	4	4	4	4	4	4	4	3	4	-.294735542206636	-.105003847264501
734175	7341	-.207	2.3	.489969892205275	.72	5	4	4	4	4	4	4	4	4	4	3	4	4	-.0980933765116511	.739223920455369
734866	7348	-.061	3	.682391971563443	-1.01	5	5	5	5	5	5	3	4	3	5	5	5	4.54545454545455	.297644575371715	-1.1252766275727
735622	7356	.563	3.3	.897839386625351	.07	5	5	5	5	5	5	5	5	5	5	5	5	5	.647330571998307	-.157483530680056
737345	7373	-.671	3.5	.883633636531458	.04	5	5	5	5	5	5	5	5	5	5	4	4	4.90909090909091	.568436157327446	-.127857425317157
737374	7373	-.812	2.5	-2.35547163656955	-.37	4	2	4	3	3	3	3	5	5	4	5	1	3.72727272727273	.0775781668729231	-.0206147765137895
738929	7389	.137	1.8	-.535190438381347	-1.1	4	3	4	3	4	3	2	2	2	3	3	5	3	-.862908588115431	-.917662061684839
738988	7389	-.915	2.3	-1.13560154059751	-.59	4	2	3	2	3	4	4	4	4	4	4	4	3.45454545454545	-.356453434652741	-.339721976196488
739842	7398	1.008	4	.747868978299288	.74	5	5	5	4	4	4	4	3	4	3	3	3	4	-.457231891772964	.394943084777207
739892	7398	1.004	2.8	.363260092288934	.07	5	5	3	5	4	4	4	4	3	5	3	3	4.09090909090909	-.109230241731286	-.0558360745748172
741555	7415	-.96	2.8	-.842759054733111	.1	5	5	5	4	4	3	3	4	4	4	3	3	4	.0620312505829419	.247485600685885
741586	7415	-.488	2.5	.451642906290601	-1.26	5	5	5	5	5	5	5	5	5	5	5	5	5	.885250110598647	-1.24596401255634
742725	7427	-.286	2.5	.00808891312699994	.52	5	5	5	5	5	5	5	5	5	5	5	5	5	.950079939964751	.569091574362747
743154	7431	.979	3	.489969892205275	-.14	5	5	3	4	4	5	5	3	4	5	3	3	4.18181818181818	-.0704180096544606	-.307522600995488
743179	7431	1.012	3.3	.912045136719244	-.16	5	5	5	4	4	4	3	4	4	5	3	3	4.18181818181818	-.188494865766003	-.420865957361498
743431	7434	.2	3.8	-.535190438381347	.67	1	1	1	1	1	1	1	1	1	1	1	1	1	-3.18965326355508	.554317873175255
743527	7435	1.002	3.8	.0251578689717091	-1.29	5	4	4	4	3	3	3	3	3	3	3	4	3.45454545454545	-.853141546672152	-1.52484630800623
743578	7435	1.006	4	1.13602702970351	.28	5	5	5	4	5	4	4	5	4	5	3	3	4.45454545454545	-.0653930603624026	-.108113009967206
743909	7439	-.546	1.5	-.967181168622203	.78	5	5	5	5	5	5	3	3	3	5	3	3	4.27272727272727	.551715214077652	1.10282255996894
743970	7439	-.142	1.6	-1.8734250782417	-.14	3	1	2	3	3	2	2	2	2	3	3	3	2.36363636363636	-1.24085084438685	.240385455866197
743988	7439	-.135	1.8	.196961827091303	.07	5	5	5	5	5	5	5	5	5	5	5	5	5	1.02798043992988	.19012243217692
744038	7440	-.309	3	.233166706228302	-.9	5	4	4	4	4	4	4	4	4	4	4	4	4.09090909090909	-.0757734926963658	-.94771758074888
744102	7441	.108	3.8	.0996897340233823	-.11	5	4	3	4	5	4	4	4	4	5	3	3	4.09090909090909	-.198275932960585	-.289821235677694
745034	7450	-.291	2.5	-.565724045346808	-.61	4	1	3	3	4	4	3	3	3	4	2	3	3.09090909090909	-.866039998822443	-.496695177036569
746579	7465	-.603	2.5	-1.21087450462232	-1.26	5	3	3	3	5	3	5	5	5	5	5	5	4.27272727272727	.430779062004435	-1.052798846482
747284	7472	-.261	2.3	-1.61536041289811	-.16	4	3	4	4	4	4	3	4	3	3	3	3	3.54545454545455	-.210307995224878	.0973488541411649
747464	7474	.685	3.8	1.07479423652301	.3	5	5	5	5	5	4	4	4	4	4	4	4	4.45454545454545	-.0120596958627744	-.0292070944109491
748135	7481	1.009	3.3	.548914999358522	-.4	5	4	3	3	5	5	5	5	4	4	3	4	4.18181818181818	-.129664996745351	-.620241059183121
749414	7494	-.289	2.5	-.778883774381467	-.35	4	2	4	4	4	4	4	4	4	4	4	4	3.81818181818182	-.104362305960688	-.213114483245335
750410	7504	.07	3.3	-.221564252028801	-.37	5	3	3	3	3	3	3	3	3	4	3	3	3.27272727272727	-.882056208718948	-.437988252681689
751225	7512	-1.058	2	.493353478349564	-.84	4	4	3	4	4	4	4	4	4	4	4	4	3.90909090909091	-.111774978891426	-.716844866204365
753835	7538	.513	2.8	.753540250470827	-.35	5	5	4	4	3	4	4	5	5	4	4	4	4.27272727272727	.0262514527564803	-.484493760523167
754787	7547	-1.191	2.5	-.877702454503495	.09	5	4	4	4	5	5	4	5	4	4	4	5	4.36363636363636	.487902815893482	.301769229272617
755682	7556	-1.167	2.3	-.412724852020354	.29	5	5	5	5	5	5	4	5	5	5	4	2	4.81818181818182	.89888848060723	.477678240933782
755772	7557	.365	3.5	-.70928208252819	.74	5	4	4	4	3	4	5	4	4	5	3	4	4.09090909090909	-.0275399029322261	.676039548621283
755790	7557	-.164	3.3	.0996897340233823	-1.3	5	5	5	5	4	5	3	5	5	4	3	5	4.45454545454545	.255804865144403	-1.38716670993823
757870	7578	.894	3.5	1.49348589489269	.28	5	5	4	5	5	4	5	4	3	5	4	4	4.45454545454545	-.0382273464840888	-.0665721263603952
757886	7578	1.002	3.3	.0996897340233823	.52	5	5	4	5	5	4	5	4	4	5	4	4	4.54545454545455	.306861711371511	.350248595334241
757890	7578	1.301	4	1.16656063666897	-.35	5	3	3	3	4	4	4	3	4	4	2	3	3.54545454545455	-.989504712699112	-.762405136181593
758405	7584	-.263	3.5	.229783120084013	1.2	5	4	4	5	5	4	4	4	3	4	4	5	4.18181818181818	-.0670372617109053	1.07601143167169
758418	7584	-.263	3	-.800882903424572	-.14	5	4	4	4	4	4	4	3	4	4	4	4	4	-.00102280771142107	-.075897217245547
759127	7591	-.812	2.5	-2.61124861588589	.27	5	5	5	4	5	5	4	5	8	4	4	5	4.6	.991671050302679	.647850406233843
759180	7591	-.284	3	.562379650479274	-.34	5	5	5	5	5	5	5	5	5	5	5	5	5	.779220886723591	-.426126067757859
759378	7593	-1.417	1.9	-.183237266114128	-.16	5	2	4	4	4	4	5	4	3	4	4	5	3.90909090909091	.0261465551882034	.0785572072506378
761643	7616	-.801	3	-.22723552420034	-.16	4	3	3	3	4	5	5	4	3	4	3	4	3.72727272727273	-.348135293946215	-.121632785480137
763193	7631	1.011	3	.552298585502812	-.14	5	5	5	5	5	5	5	5	4	5	4	4	4.81818181818182	.554771784482309	-.316725578778172
766263	7662	-.381	2.8	-1.61536041289811	-.63	4	3	3	3	3	3	4	4	3	4	3	3	3.36363636363636	-.469172601292698	-.437541348842558
766290	7662	.225	3.3	.623446864410196	.74	5	5	5	5	5	5	5	5	5	5	5	5	5	.703259153059683	.566993004208852
766951	7669	-.142	2.5	-1.79586442818963	-.39	5	4	4	3	4	5	4	4	3	4	5	4	4.09090909090909	.327812222175945	-.150347270754185
766994	7669	-.126	2.8	-.986537810494162	.07	4	3	3	4	3	3	3	3	3	3	3	3	3.18181818181818	-.761402854384313	.174416591823217
771889	7718	1.055	3.3	.623446864410196	.07	5	5	5	5	5	5	5	5	5	5	5	4	5	.67489091713683	-.161793699585185
772509	7725	1.541	2	.296521606186473	-.14	4	4	4	4	4	4	4	3	4	4	4	3	3.90909090909091	-.16877245868109	-.179019922714022
772684	7726	-.985	2.5	-.351823217339007	.95	5	3	5	5	5	5	5	5	5	5	5	5	4.81818181818182	.850359497869941	1.08865418190134
773714	7737	-.958	1.8	.0725397132022107	.52	5	4	5	5	5	5	5	5	5	5	5	5	4.90909090909091	.985322539424274	.712260166123357
773760	7737	-.797	2.3	.0386225200924607	.3	5	4	4	5	4	4	4	4	4	4	4	4	4.18181818181818	.176884470499777	.411242089631135
774045	7740	-.032	2.8	-.404190374097999	1.18	5	5	5	4	5	4	4	3	4	4	4	5	4.27272727272727	.232113129975075	1.21294991458865
777208	7772	.048	3	.0691561270579216	1.43	5	5	5	5	5	5	5	5	3	5	5	5	4.81818181818182	.665822136664977	1.37524963909
778650	7786	.387	3.3	.883633636531458	-.14	5	5	4	4	4	4	5	4	4	4	4	4	4.27272727272727	-.0716292928087222	-.353436971632074
779390	7793	.051	3	.585119878495522	.07	5	5	5	5	4	4	3	4	4	4	3	3	4.18181818181818	-.0540884319947319	-.0423839702175377
779547	7795	.331	3.3	-.681611681313545	.3	5	3	5	5	5	5	4	3	2	5	5	4	4.27272727272727	.183424489427818	.264724059558447
780300	7803	.263	3	.845306650616784	-.62	5	5	5	5	5	5	5	5	5	5	5	3	5	.714768737716538	-.7763553137569
780362	7803	-.054	1.5	-.542818238080985	-.58	5	1	4	5	5	5	5	5	8	4	4	5	4.3	.493541845830265	-.339251455048455
780393	7803	-.313	3	-.380069138277219	.25	4	3	3	3	5	4	4	3	4	4	3	3	3.63636363636364	-.431006477158623	.270812176912283
782257	7822	-.632	4	-.481751024150063	.07	5	5	4	4	4	4	4	2	3	5	3	3	3.90909090909091	-.293227409440091	-.0220567853416114
782290	7822	-.047	3.3	-.221564252028801	-.87	4	4	4	4	4	4	4	3	4	4	4	4	3.90909090909091	-.241693676448114	-.929701452267349
782296	7822	.938	4	.845306650616784	.07	5	5	5	5	5	5	5	5	5	5	5	5	5	.529402472507128	-.280942748605724
783415	7834	-.71	2.5	.229783120084013	.07	5	5	4	4	4	4	3	3	4	4	4	3	4	-.0712818985490871	.124450229815641
783417	7834	-.682	3.8	.839635378445245	-.63	5	3	3	4	4	4	3	2	4	5	5	5	3.81818181818182	-.563670050748078	-.836215490373595
784991	7849	.306	2.3	-.987799289860776	.07	5	2	4	3	4	4	3	3	3	4	4	3	3.54545454545455	-.331179775778682	.217349049237155
786243	7862	-.064	3	.0363348340652112	-.85	4	4	3	3	3	4	3	3	2	3	3	3	3.18181818181818	-.961405463068029	-.893165046016173
786449	7864	.646	2.8	.493353478349564	-.14	5	4	4	4	4	4	3	4	4	3	3	4	3.81818181818182	-.390760969455033	-.254957854103013
788227	7882	-1.042	2	-.193152751841015	-.62	5	2	5	3	4	4	4	4	4	4	4	4	3.90909090909091	-.00129640508224203	-.421577462371528
789375	7893	.358	4	.260316727049474	.73	5	5	5	4	4	4	5	8	3	5	4	4	4.4	.0438337344916277	.485240102603527
790263	7902	1.136	3.3	.679008385419154	.74	5	5	5	5	5	4	4	5	5	5	3	3	4.63636363636364	.299500383017384	.496285894613855
790265	7902	-.282	1.8	-1.34356636197781	-1.11	3	1	3	4	3	3	3	3	3	3	3	3	2.90909090909091	-.808762001629076	-.808021993753162
790282	7902	1.304	2.5	.883633636531458	.07	5	5	4	4	4	4	4	4	4	4	4	4	4.18181818181818	-.0640435881040156	-.0909624784854391
791406	7914	.323	2.3	.653980471375656	.07	4	4	3	3	3	4	4	3	4	5	4	5	3.72727272727273	-.415459967307744	.0334328376462406
791426	7914	.107	2.8	.233166706228302	.07	5	3	3	3	3	3	3	3	3	3	3	3	3.18181818181818	-.966623555966467	.0221740341841207
791648	7916	.276	3.3	.585119878495522	.74	5	5	5	5	5	4	5	5	4	5	5	5	4.81818181818182	.52589630636239	.567646183863519
793389	7933	-.502	2	-.699201017551728	-.42	5	5	5	5	5	5	5	5	5	5	5	3	5	1.15299705470088	-.203506591477107
794166	7941	-.451	3.3	.213455263212446	-.14	5	5	5	5	5	5	5	5	3	5	4	4	4.72727272727273	.519942630130796	-.21950011955408
794184	7941	-.668	2.5	-.579023117217984	-.39	5	3	3	4	3	4	4	3	2	4	4	4	3.54545454545455	-.396458416528935	-.248513223219169
794197	7941	-.142	4	-.607732563883323	.95	3	3	3	4	4	5	5	5	5	4	3	4	4	-.198691428017014	.837258179899438
796312	7963	.54	2.5	-.487256717072027	-.37	5	3	4	4	4	4	4	3	3	4	3	3	3.72727272727273	-.27076892979492	-.324285264355306
797901	7979	-.265	3.3	-1.4719679549663	-.14	2	1	4	4	4	4	4	4	4	4	4	4	3.54545454545455	-.395657182125622	-.0451048209830885
798464	7984	-.22	3.5	-.357328910260971	-.14	5	5	3	3	4	3	3	3	3	4	4	4	3.63636363636364	-.519010613050082	-.201694991346935
798482	7984	-.505	3	-.33516420196829	.53	5	5	5	5	5	5	4	5	5	5	5	5	4.90909090909091	.841020821642836	.559413600170095
798495	7984	.708	3.8	.975400036677415	.07	5	5	5	4	4	4	4	3	4	5	4	4	4.27272727272727	-.178589427862011	-.249774635257928
816063	8160	.137	3.3	.518381392393062	1.02	5	5	5	5	4	5	5	5	4	5	4	4	4.72727272727273	.450531342711003	.864918450271217
853631	8536	.812	4	1.04213852277988	-.14	5	5	5	5	5	5	5	5	5	5	4	5	4.90909090909091	.410967189776599	-.503923738460708
874591	8745	.064	2.3	-.596257652312268	.07	5	5	5	5	5	4	4	3	3	3	3	5	4.09090909090909	.159223798429771	.190914963282139
894590	8945	-.637	2.8	-.479628917372389	.3	5	5	4	4	4	4	4	4	4	5	4	4	4.27272727272727	.26499150309039	.384195949237517
1419282	14192	.533	3.3	-.0937585519954197	.97	5	5	5	5	5	5	5	5	5	5	5	5	5	.808722411738785	.854995304637517
1419293	14192	.29	3.8	.778568164514324	.07	5	5	4	5	5	4	4	4	4	4	3	3	4.27272727272727	-.132470079001981	-.19826356484396
1425416	14254	-.503	4	.883633636531458	.3	5	5	5	5	5	4	5	5	4	5	3	3	4.63636363636364	.20881902427128	.0468540937561285
1425457	14254	-.219	2.5	-.604051031261481	.98	5	5	4	5	5	5	4	5	5	5	4	5	4.72727272727273	.774061222114637	1.09247062818476
1425458	14254	-.593	3	-.386647088671474	.28	5	5	5	4	5	5	4	4	3	5	4	3	4.45454545454545	.39780916937453	.321375890020635
1437908	14379	-.393	2.3	-.875414768476246	-.37	5	5	5	5	5	5	4	5	5	5	4	4	4.81818181818182	.947262915288877	-.185649799466154
1460555	14605	-.214	3.5	.0272799757493834	-.19	5	5	5	5	4	4	4	5	4	5	5	5	4.63636363636364	.418583324900724	-.294922721598922
1460559	14605	-.283	1	-.16049703809788	-1.04	5	2	2	2	2	2	2	2	2	2	2	5	2.27272727272727	-1.50658714040358	-.752190677202104
1473846	14738	-.925	3.5	-.762555917509899	-.14	5	5	4	4	4	4	3	3	4	5	4	3	4.09090909090909	.0251662151983721	-.106664369085296
1477000	14770	.685	3.3	.199249513118552	.07	5	4	3	4	3	4	4	2	3	4	3	3	3.54545454545455	-.698405009138294	-.0883790489130573
1477017	14770	.03	3	-.997880354837239	-.19	4	1	4	4	4	5	3	4	4	5	5	4	3.90909090909091	-.0700867542260427	-.124725968342259
1477805	14778	-.589	2.8	.374082256238538	.07	5	5	5	4	4	4	4	3	4	4	4	4	4.18181818181818	.034375137195609	.0557875117109605
1481345	14813	-.407	3.8	.393793699254394	.07	5	4	3	3	3	4	4	4	4	4	3	3	3.72727272727273	-.591874373181521	-.106075705838508
1481347	14813	-.204	3.3	.312849463058041	-.85	4	4	4	3	3	3	3	4	4	3	3	3	3.45454545454545	-.777301313739723	-.958055964278655
1495463	14954	1.058	3	-.163880624242169	.3	5	2	4	3	3	4	4	1	4	4	2	3	3.27272727272727	-.876464851934344	.199648455449063
1495491	14954	1.799	3.8	.357588820117395	-.19	5	5	5	5	5	5	4	4	5	4	3	3	4.54545454545455	.156764704142505	-.518291641281071
2400070	24000	-.518	3	.883633636531458	-.14	5	2	4	3	5	4	3	4	4	5	3	4	3.81818181818182	-.446554403049421	-.245304525014402
2405321	24053	.231	3.5	.883633636531458	-1.89	5	5	5	5	5	5	5	5	5	5	5	5	5	.62851615329387	-2.12174369859694
2405325	24053	-.759	2.3	-.611844410210694	.07	3	2	3	3	3	3	3	3	3	4	3	3	3	-.901035533520564	.250940511425308
2411003	24110	.415	2.5	.975400036677415	.32	5	5	5	5	5	5	5	5	5	5	4	5	4.90909090909091	.67877296303662	.211790441650827
2411097	24110	.685	3.5	.975400036677415	.07	5	5	4	4	3	4	4	4	4	4	3	4	4	-.401841879277247	-.204111914840666
2413809	24138	.608	4	1.49348589489269	.3	5	5	5	5	5	5	5	5	5	5	5	5	5	.435854421905389	-.0997049885853107
2417432	24174	-.372	3.3	.28231585609258	.99	5	4	4	4	4	4	4	4	4	3	3	3	3.90909090909091	-.312075797830639	.897241087981705
2421670	24216	.238	3.8	-.449095310406928	-.16	4	3	4	4	5	4	4	4	3	4	3	5	3.81818181818182	-.386693993148021	-.287955013198665
2424048	24240	-.139	3.3	-.592487768338736	.07	4	4	3	3	3	3	3	3	3	4	3	4	3.27272727272727	-.814925162004636	.0580943983277011
2426967	24269	-.066	2	.534709249264629	-.14	5	3	4	4	3	3	5	3	3	5	4	4	3.81818181818182	-.243277513297589	-.0917080467213409
2426971	24269	-1.482	3.3	-2.00902415722429	.07	5	3	3	3	3	3	3	3	3	3	3	3	3.18181818181818	-.630842613003333	.310860555327119
2431582	24315	-.57	2.5	.269537164614877	-.14	5	3	4	5	4	4	4	4	4	4	4	4	4.09090909090909	.00841295362318851	-.0998897904765861
2432760	24327	-.862	2.5	-.369360390000144	-.62	4	2	3	3	3	3	3	3	3	3	3	4	3	-.96919008315788	-.488105886960331
2437176	24371	1.326	4	.650596885231367	.95	5	5	5	5	5	5	5	5	5	5	5	5	5	.547630673412487	.593245307214816
2437606	24376	-.749	2.3	-1.41852854073502	-1.02	5	4	3	2	4	3	4	2	4	5	3	2	3.54545454545455	-.225461534752252	-.749992633577144
2437696	24376	-.228	3	-.481751024150063	.07	5	4	4	4	5	4	4	4	5	5	4	3	4.36363636363636	.309805603615065	.0961079345749644
2442068	24420	-.385	2.3	-.378807658910604	-.87	5	3	4	2	3	4	4	5	4	5	4	5	3.90909090909091	-.0424153602212987	-.741483362826467
2445900	24459	-.477	3	.654146050625231	.07	5	5	5	5	5	5	5	3	4	3	8	4	4.5	.2709764067333	-.0126689859838208
2445916	24459	-1.178	3	.168715906153092	.74	4	3	4	4	3	4	5	5	5	4	3	4	4	-.126558056901498	.761004059600263
2454382	24543	-.956	3.5	-.517955903287063	-.4	5	3	3	2	3	4	5	3	4	2	3	5	3.36363636363636	-.740604988134646	-.391690029783346
2457129	24571	-.291	2.5	-.729900203766764	-2.16	5	5	5	5	5	5	5	5	5	5	5	5	5	1.06960235001876	-2.02842416466978
2458951	24589	-1.067	2.3	-1.51367852702526	.24	5	3	5	5	5	5	5	5	5	5	5	5	4.81818181818182	1.07352269279707	.54311961868993
2468005	24680	-.956	3.5	-.290590424158511	-.79	5	3	3	4	4	3	3	4	3	2	3	3	3.36363636363636	-.777375740224823	-.806993323032005
2468038	24680	-.733	2.8	-.91035816824663	.58	5	5	4	5	4	3	2	5	4	5	4	4	4.18181818181818	.24702337820771	.718930833967218
2477259	24772	-.627	3.3	.969728764505876	-.14	5	5	4	4	4	4	5	3	4	5	4	4	4.27272727272727	-.0508959560162018	-.291199481630903
2480587	24805	1.68	2.8	1.20488762258364	.07	5	5	5	5	4	5	4	1	4	5	3	4	4.18181818181818	-.177538354101865	-.197379312938883
2482037	24820	-.234	2.8	-.351657638089432	.32	4	1	4	4	4	4	4	4	4	4	4	5	3.72727272727273	-.314933211684404	.361410720633767
2482063	24820	-1.207	2.5	.684514078341117	-.84	5	2	4	4	5	5	4	3	4	4	4	5	4	-.127836639773225	-.800955161759222
2482070	24820	-1.206	3.3	-.0596757796360947	-.41	5	3	4	4	3	3	3	3	3	3	4	4	3.45454545454545	-.682807599517501	-.405628966928671
2485857	24858	.905	3	-.290590424158511	-.14	5	5	5	5	5	5	5	5	5	5	4	4	4.90909090909091	.785620291236366	-.215413543307821
2497052	24970	-.236	3.5	.0996897340233823	.07	4	3	4	4	4	4	3	4	3	4	4	4	3.72727272727273	-.501466145488242	-.041422934636473
2499180	24991	-1.131	4	.778568164514324	.49	5	5	5	5	5	5	5	5	5	5	5	5	5	.610911292934839	.293026310961602
2500842	25008	.235	3.5	.753540250470827	.51	5	5	5	5	5	5	5	5	4	4	5	4	4.81818181818182	.467600649986247	.29245096423618
2501626	25016	-.142	2.5	1.07267212974534	.32	5	5	4	4	4	4	5	4	4	5	5	5	4.45454545454545	.227533628107597	.240415956811742
2501809	25018	-1.764	2	-.331780615824	-1.07	4	2	4	4	4	4	4	4	4	4	4	4	3.81818181818182	-.0451089146289344	-.805012346426445
2506403	25064	1.304	3	.76774600056472	1.43	5	5	5	5	5	5	5	4	5	3	1	1	4.36363636363636	.0553687013592329	1.2085450635541
2506407	25064	.812	3.5	.359578559667092	-1.3	5	5	5	5	5	4	4	4	4	4	5	5	4.54545454545455	.238865902200975	-1.5145727879066
2507135	25071	-.183	2.8	.269537164614877	.08	4	4	4	3	4	4	3	3	3	3	3	4	3.45454545454545	-.689866513541543	.0486663322615382
2508812	25088	.788	4	.650596885231367	.97	5	5	5	5	4	4	4	4	4	5	3	3	4.36363636363636	-.070344877497542	.651350423649987
2508818	25088	-.008	2.8	-1.36422849909267	-1.31	5	4	3	4	2	4	3	1	3	5	1	5	3.18181818181818	-.704353786030498	-1.17190818958897
2510192	25101	.438	3.3	.12242996203963	-1.71	5	3	3	3	5	3	4	5	2	4	3	4	3.63636363636364	-.586630139105729	-1.84233551590756
2510755	25107	.03	4	.0670340202802471	.28	5	5	5	5	5	5	5	5	5	5	5	5	5	.686303019711213	.0799817278361344
2514241	25142	-1.541	2.8	-1.3147245480845	.36	5	3	4	5	5	5	5	5	5	5	4	5	4.63636363636364	.794581416765463	.60116089526145
2517305	25173	-.106	3.3	.883633636531458	-.59	5	5	5	5	5	5	5	5	5	5	5	3	5	.67249348303023	-.768519086125496
2517373	25173	-.287	3.3	.00367912032207605	-.61	4	3	4	4	4	4	4	3	4	4	4	4	3.81818181818182	-.360827457676245	-.677770013268874
2517379	25173	-.506	2.5	-.252097858994262	.54	5	4	3	4	5	5	5	4	5	5	5	4	4.54545454545455	.545132562669824	.633629536733859
2517390	25173	-.388	3	-.942153254578706	-.63	5	4	4	4	3	4	4	3	4	4	3	4	3.81818181818182	-.155721673822106	-.541321951673908
2517808	25178	.438	2	.233166706228302	.78	5	5	5	5	5	5	5	5	5	5	5	5	5	.970081715962632	.826153356756425
2517810	25178	-.678	2.8	.686801764368366	1.18	5	5	4	4	4	3	4	3	3	4	4	4	3.90909090909091	-.285884899054901	1.13728888225962
2517835	25178	-.499	3	.103073320167672	-.9	5	5	3	3	3	3	3	5	3	3	3	3	3.54545454545455	-.593694711725854	-.919782411245826
2517883	25178	.211	4	.83110090052289	.07	5	5	4	4	4	4	4	4	4	4	3	2	4.09090909090909	-.352543166897008	-.227870317520978
2520881	25208	-.5	2.8	.812485357624074	-.18	5	5	5	5	5	3	4	3	4	5	5	5	4.45454545454545	.23315963824317	-.249305597245444
2522447	25224	-.461	2.8	-.60972230343302	-.13	3	3	4	3	4	5	4	3	4	5	3	3	3.72727272727273	-.265439082623152	-.0437916928119801
2522719	25227	-.362	2.8	-.063224945029959	-.49	5	3	3	3	4	4	5	4	3	4	4	4	3.81818181818182	-.266296126353948	-.471622784894125
2524209	25242	.513	3.3	.912045136719244	.5	5	5	5	5	4	5	5	4	4	5	4	4	4.63636363636364	.283105708930661	.274476892268892
2525613	25256	.122	3.8	.359876506144644	.07	5	5	4	5	4	4	4	3	3	4	4	4	4.09090909090909	-.240833219126645	-.13976876313125
2526745	25267	1.099	3.3	.0329512479209222	.29	4	4	4	4	5	4	5	4	4	5	3	3	4.18181818181818	-.0492966740165384	.120805606205321
2526789	25267	1.043	4	.902990278403416	.07	5	5	5	5	5	5	5	5	5	5	3	4	4.81818181818182	.334666635494169	-.294799178196574
2527009	25270	.438	2.5	-.51016252433785	-.14	5	5	4	5	4	4	4	3	4	5	3	3	4.18181818181818	.190967190425242	-.0845117082092588
2527053	25270	.161	2.5	.721016903955669	.01	5	2	4	4	4	1	4	4	2	5	5	1	3.63636363636364	-.544132755493333	-.0519093475879472
2528009	25280	.408	4	.296521606186473	-.31	5	5	5	5	5	5	5	5	5	5	5	5	5	.636269559395257	-.56233047250734
2528043	25280	-1.569	4	-.221564252028801	.07	5	3	3	4	3	4	3	3	4	5	3	3	3.63636363636364	-.576008122113384	.0153525008290844
2528063	25280	-.683	2.3	-.284919151986972	1.2	4	2	5	4	4	5	5	4	5	5	4	5	4.27272727272727	.316222077790245	1.33917442381965
2531346	25313	-.451	4	.512710120221523	.28	5	5	5	5	5	5	5	5	5	5	5	4	5	.63066582067513	.0644508053796832
2531397	25313	-.707	2.5	-.969303275399877	.31	5	5	5	5	5	3	2	5	5	5	5	5	4.54545454545455	.66799272747511	.497682960332602
2532144	25321	-.067	2.5	.41808051432475	.48	5	5	4	4	4	4	4	4	4	3	4	4	4.09090909090909	-.0328020998682266	.467952798889383
2532148	25321	-.392	2.5	-1.16968431295683	1.43	3	3	5	5	5	5	5	5	5	5	5	5	4.63636363636364	.780542245144305	1.61767256361167
2532854	25328	-.156	2.5	.493353478349564	.04	5	5	5	5	4	4	4	3	3	3	4	5	4.09090909090909	-.0419337479652385	.0258793750558814
2535481	25354	-.941	2.3	-.218180665884512	-.36	4	5	5	4	4	5	5	4	3	3	4	5	4.18181818181818	.223337762829923	-.209979383062472
2536425	25364	-.315	3.3	-1.05041309084581	.76	5	5	4	4	5	4	4	5	5	5	3	5	4.45454545454545	.446966566694923	.811522096957527
2536606	25366	.881	3.5	.883633636531458	.29	5	5	5	5	5	5	5	4	4	5	4	5	4.72727272727273	.33357279219328	.0122185213233906
2536628	25366	.98	4	.163044633981553	.07	5	5	5	5	5	5	5	5	5	5	3	3	4.81818181818182	.456487824219683	-.207989190565355
2537422	25374	-.618	3.5	-1.26357281988046	-.22	5	4	5	5	5	5	5	5	4	5	4	5	4.72727272727273	.732064134868204	-.152650660474768
2539475	25394	-1.034	2.5	-1.1389851267418	.97	4	4	4	3	4	4	4	4	4	5	4	4	4	.161156433034844	1.1997272409049
2540052	25400	-.547	3.8	.623446864410196	-.14	4	4	3	3	3	3	3	3	3	4	4	3	3.36363636363636	-.987866461985279	-.331717763987266
2540213	25402	-1.22	2.5	-1.7378259992591	.97	5	1	5	4	3	4	3	3	2	4	5	4	3.54545454545455	-.190184077958135	1.2795455739098
2540242	25402	-1.106	3.3	-.453339523962277	-.14	4	3	3	4	3	3	3	3	3	3	3	5	3.18181818181818	-.895287341782292	-.0989012294154563
2544147	25441	-.298	3	-.947304146356771	-.59	5	5	5	5	5	5	5	4	5	5	5	5	4.90909090909091	.932944372870357	-.507123175563517
2544153	25441	.621	2.5	.601447735367089	1.43	5	5	3	4	4	5	4	3	3	5	5	5	4.18181818181818	.00493699570316026	1.34881681143613
2545063	25450	-1.171	2.5	.0200069771936437	1.23	4	4	5	5	5	5	5	5	5	5	5	5	4.81818181818182	.796582364352483	1.3404474323313
2545441	25454	-.535	3.8	.914167243496918	-.35	4	3	3	3	4	4	4	4	3	4	4	4	3.63636363636364	-.762566175213136	-.5749216935265
2545651	25456	-.142	3.5	-.483873130927738	-.11	5	4	5	5	5	5	3	4	4	5	4	5	4.45454545454545	.316970677561808	-.163136536031674
2545665	25456	-.707	3.8	.847428757394458	1.22	5	5	5	5	5	5	5	5	5	5	5	5	5	.617742209398346	1.01468787556217
2545684	25456	.225	3.3	.592913257444735	.09	5	4	5	5	5	4	4	5	5	5	5	5	4.72727272727273	.435469937316475	-.079608938997533
2552014	25520	1.152	1.6	.570914128401629	.26	4	4	3	4	4	4	4	2	4	4	4	4	3.72727272727273	-.316753096420566	.276706617100304
2552041	25520	.438	3	.973112350650166	.73	5	5	5	5	5	5	4	3	3	5	5	5	4.54545454545455	.233572612435345	.547026521505298
2553016	25530	.651	3.5	.334848592101147	.53	5	5	5	5	5	5	5	5	5	5	4	4	4.90909090909091	.612004481650366	.329582591231158
2553623	25536	-1.475	1.6	-1.49873167795823	-.81	5	3	5	3	5	5	5	3	5	5	5	5	4.45454545454545	.835020911503029	-.376900962213578
2553639	25536	-1.533	3.3	-.938769668434417	-.35	5	5	5	5	5	4	4	4	4	5	5	4	4.63636363636364	.652358713414074	-.224634878818802
2553679	25536	-.271	2.5	-.716909882227828	.29	5	5	5	5	5	5	5	5	5	4	5	3	4.90909090909091	.975908823410697	.418713607417704
2554542	25545	.562	4	.191456134169339	.97	5	5	5	5	5	5	5	5	8	8	8	8	5	.647997801179476	.718454753894595
2554575	25545	.011	3	.623446864410196	.05	4	4	3	3	3	3	3	4	3	3	3	4	3.27272727272727	-.968010640779001	-.0638162507658608
2554591	25545	-.315	1.8	.715213264556153	.07	5	5	5	5	5	4	4	4	4	4	4	4	4.45454545454545	.404863668794433	.145195634189942
2557268	25572	.471	3.8	.49850437012763	-.64	5	5	5	5	5	5	5	5	5	5	4	4	4.90909090909091	.543000634559309	-.889915276046001
2557278	25572	0	3.3	.617775592238657	-.14	5	5	5	5	5	5	4	4	4	4	4	5	4.54545454545455	.257321071188582	-.29643969052937
2561569	25615	-.003	4	1.04213852277988	1.43	5	5	5	4	5	5	5	4	4	4	4	4	4.54545454545455	.0751863831006275	1.1238005550238
2564233	25642	-.86	3.3	.357588820117395	-.35	4	4	4	4	4	4	4	4	4	4	3	4	3.90909090909091	-.307570185526183	-.416572221618278
2564237	25642	-2.414	2.5	-1.00550815453688	-.12	3	3	3	4	3	4	2	3	4	3	4	4	3.27272727272727	-.54053643410258	.192614460969637
2564295	25642	-.295	3	-.122170052183206	-.47	5	4	4	4	4	4	4	4	3	4	5	4	4.09090909090909	-.0187850464423625	-.479164065501427
2564513	25645	-.442	3	.720884536727691	-.15	5	4	3	3	3	4	3	3	4	4	4	3	3.63636363636364	-.604649510021037	-.242575207578772
2566676	25666	1.033	4	.991727893548982	.56	5	5	4	4	4	4	4	2	4	5	3	3	4	-.497524514833585	.186033568474123
2570238	25702	-.119	3.3	.166428220125842	-.16	5	4	4	4	4	4	4	4	4	4	4	4	4.09090909090909	-.120162837584908	-.257781205072872
2571620	25716	.095	3.8	.0363348340652112	-1.04	5	4	4	4	4	4	4	4	4	4	4	4	4.09090909090909	-.187585520498134	-1.21184977203315
2571674	25716	.72	2.8	.778568164514324	.07	5	5	4	4	4	3	4	4	4	4	4	3	4.09090909090909	-.166689345845394	-.0819403561305706
2572480	25724	-.734	4	-.0914708659681702	-.63	5	4	3	4	3	3	4	3	3	5	3	3	3.63636363636364	-.625586643924273	-.758266311983793
2574023	25740	.419	3.3	-1.30831217693982	.07	5	5	5	5	5	5	5	5	4	4	3	4	4.63636363636364	.645406467024245	.0982361691867608
2574569	25745	-.144	3	.592913257444735	.31	5	5	4	4	5	4	4	2	3	5	4	4	4.09090909090909	-.13959308300102	.210560045892906
2574580	25745	.974	4	.512710120221523	.72	5	5	4	4	4	4	5	4	4	4	4	5	4.27272727272727	-.145311408031411	.403521825974259
2577504	25775	-.714	3.3	-.640255910398481	-.41	4	1	4	4	4	3	4	3	3	5	4	4	3.54545454545455	-.514819878239752	-.375863800924248
2577565	25775	.11	3.8	.784073857436287	.72	5	5	5	5	5	5	5	4	4	5	4	4	4.72727272727273	.327337113210672	.463872635412673
2577954	25779	.956	4	.66480263532526	.07	5	5	5	3	5	5	5	3	5	5	5	5	4.63636363636364	.194342961544013	-.262129516566245
2579379	25793	.299	4	1.49348589489269	-.11	5	5	5	4	3	3	3	3	3	4	3	3	3.72727272727273	-.826311664195183	-.487819336208977
2582509	25825	-.903	3	-.0394585103530765	.53	5	5	5	5	5	4	5	5	4	5	4	4	4.72727272727273	.624982627640424	.55469407495154
2582511	25825	1.002	3.3	1.17223190884051	.53	5	5	5	5	5	5	5	5	5	5	5	5	5	.587949952589693	.240886371680195
2582590	25825	.25	4	.296521606186473	.54	5	5	5	4	4	4	4	3	4	3	4	3	4.09090909090909	-.267421131291061	.298860249419717
2583464	25834	-.171	3	.363260092288934	-.37	5	4	3	4	3	4	5	3	3	5	4	5	3.90909090909091	-.283347713869739	-.44196972784556
2583534	25835	1.304	3.8	1.17223190884051	.75	5	5	3	4	4	4	4	4	4	4	3	3	4	-.503519839803854	.366107025321673
2583692	25836	-1.464	4	-.445546145013064	1.43	5	5	5	5	5	5	4	5	5	5	5	5	4.90909090909091	.729353938456258	1.39284236574793
2587354	25873	-1.663	2	.0526626909367789	.61	3	2	2	2	1	1	1	1	2	2	2	1	1.72727272727273	-2.20164425599437	.825049751855619
2587356	25873	-.168	3.5	1.07267212974534	.07	5	2	3	4	4	4	5	2	5	5	5	5	4	-.388418894801581	-.15452150290501
2587725	25877	.811	3.5	.809101771479784	.07	5	5	5	5	5	5	4	5	5	5	4	4	4.81818181818182	.438928073741946	-.194528981779296
2589452	25894	-1.417	3	.455026492434891	.1	5	4	4	4	4	4	3	4	4	5	5	5	4.18181818181818	.0171251420320186	.106068557657539
2597552	25975	-.826	2.4	-1.3574613268041	-1.51	4	4	4	4	4	3	3	3	4	4	4	5	3.72727272727273	-.0671172860847637	-1.25601293800078
2598398	25983	-.004	4	1.07479423652301	1.2	5	5	5	5	5	5	5	5	5	5	4	4	4.90909090909091	.433575669978667	.890237158289511
2599004	25990	.483	3	-.609556724183445	-.37	4	3	4	5	5	5	5	5	5	5	4	5	4.54545454545455	.487992218786279	-.380026936303518
2599005	25990	.104	3	.0442937922639991	-.34	5	4	5	5	5	5	5	5	5	5	5	5	4.90909090909091	.758838094860841	-.395949786557454
2599514	25995	.121	2.8	.393793699254394	-.49	3	3	3	4	3	3	3	3	3	4	3	5	3.18181818181818	-.993079506216044	-.556693577814053
2599516	25995	-.341	2.8	-.831416510390033	.07	4	4	4	4	4	4	4	4	3	5	3	3	3.90909090909091	-.0518687686519182	.172381167341616
2599556	25995	-.518	2.8	.290850334014935	-.64	5	3	4	3	4	4	4	3	4	5	4	4	3.90909090909091	-.227318107715406	-.649978427009565
2618883	26188	1.281	3.5	1.2966540227296	.3	5	5	4	3	4	4	3	5	5	5	3	3	4.18181818181818	-.292349041336748	-.0520770758912462
2633852	26338	.983	4	.551037106136197	-.14	4	4	3	4	4	4	3	4	3	4	4	4	3.72727272727273	-.69727200445669	-.461380994918532
2637361	26373	1.495	3.3	.914167243496918	.3	5	5	3	3	4	4	4	3	3	4	3	3	3.72727272727273	-.659891781274465	.00468826337696977
2637379	26373	.65	4	.648474778453693	.53	5	5	4	4	5	4	5	4	4	4	3	3	4.27272727272727	-.156194123580232	.221360765792311
2646151	26461	-.067	3.3	1.3328589018666	-.14	5	5	4	5	4	4	3	4	3	3	5	3	4.09090909090909	-.310581485661094	-.371275215969856
2677761	26777	.91	3.3	.130223340988843	.51	5	5	5	5	5	5	5	5	5	5	4	3	4.90909090909091	.668704448993572	.343366655105748
2679200	26792	1.019	2.5	.753540250470827	-.19	5	5	4	3	4	3	3	2	4	4	3	3	3.63636363636364	-.57871784037125	-.316298710355357
2906179	29061	1.628	4	1.23329912277143	.74	5	5	5	5	5	5	5	5	4	5	4	5	4.81818181818182	.261252856440943	.29700705486459
2921925	29219	.119	1.9	.132511027016092	-.82	3	3	3	3	3	3	3	2	4	8	6	5	3	-.986507169545621	-.725372943072802
2935790	29357	.095	2.5	.233166706228302	.28	5	5	5	5	5	5	4	5	5	5	4	4	4.81818181818182	.718838937136735	.277057653707727
2936969	29369	-.214	1.8	.177250384075446	.04	4	4	3	4	4	5	4	4	4	5	5	5	4.18181818181818	.215686570138848	.167911461347672
2936993	29369	-.379	2.5	-.678582896313154	.77	5	1	3	3	4	5	5	4	5	5	4	5	4	.0643107592562514	.902097586939253
2936994	29369	.568	2.3	-.129963431132419	.1	5	5	3	5	4	4	4	3	4	5	3	3	4.09090909090909	.0665862088556224	.133324525580982
2939416	29394	.678	4	1.17223190884051	.07	5	5	5	5	5	5	5	5	5	5	5	4	5	.485416819849795	-.298910845277897
2939446	29394	.927	4	1.2966540227296	.99	5	5	5	4	4	5	5	4	4	5	3	3	4.45454545454545	-.0886704010447195	.589606321953711
2939461	29394	1.456	3.5	.2581946202718	.5	5	5	4	4	4	3	4	4	4	5	3	3	4.09090909090909	-.221294220330356	.251097320700483
2954570	29545	.647	4	.455026492434891	.3	5	5	4	4	4	4	3	3	4	4	3	3	3.90909090909091	-.48844246782857	.0131019281461643
2993133	29931	.662	3.5	.493353478349564	1.2	5	5	4	5	5	5	5	4	5	5	3	4	4.63636363636364	.313266992837767	.981163628589531
2998056	29980	-.43	2.8	.233166706228302	.07	5	1	5	5	5	5	5	5	5	5	5	5	4.63636363636364	.506275805435098	.0602083232653228
2999933	29999	1.306	2.3	.229783120084013	.06	4	5	4	4	5	4	4	4	4	4	4	2	4.18181818181818	.0740913730940416	.00101807839869142
3436969	34369	.769	3	-.221729831278376	.48	5	5	5	5	5	5	5	5	4	5	5	5	4.90909090909091	.779132079918693	.406555545331238
3436978	34369	-.104	2.8	.781951750658613	-.24	5	5	5	3	5	4	4	3	4	2	5	5	4.09090909090909	-.139073393018104	-.333955172623442
3436990	34369	1.306	3.8	.623446864410196	-.16	5	5	5	5	5	5	5	5	4	5	3	3	4.72727272727273	.312436960488379	-.482960850891303
3447931	34479	.958	3.3	-.353779744867107	.74	5	5	5	5	5	5	5	5	5	5	5	5	5	.836248515248382	.623831196537726
4503358	45033	.128	2.5	-2.05907998531129	.25	5	4	3	4	5	5	5	3	3	3	3	3	3.90909090909091	.179334436020941	.49982235884519
4503604	45036	.996	3.8	.607742470158779	1.23	5	5	5	5	5	5	5	5	5	5	5	5	5	.598299396433628	.930743356306509
4505740	45057	.484	3.7	1.3328589018666	-.38	5	4	4	4	4	4	3	3	3	4	4	4	3.81818181818182	-.667059450368904	-.709012676374596
4505755	45057	.784	2	.521764978537351	.28	4	3	5	5	4	3	3	5	3	4	5	5	4	-.088417723184876	.26952925828628
4506470	45064	-.641	3	-.19103064506334	-.6	4	3	3	3	3	4	4	4	4	5	4	4	3.72727272727273	-.3594591147673	-.576994369527564
4506491	45064	.215	2.8	.609241114316302	.07	5	4	4	4	5	3	4	4	4	4	4	5	4.09090909090909	-.122044684800771	-.0273282920420045
4507815	45078	.06	4	.556708378307735	.74	5	5	5	5	5	4	5	5	5	5	4	4	4.81818181818182	.424266743705079	.48336150217578
4507879	45078	.832	4	-.097142138139709	.07	5	5	4	4	4	4	4	4	4	4	3	3	4.09090909090909	-.223647684822331	-.168550797679991
4511041	45110	.091	3.8	.196961827091303	.53	5	5	4	4	4	4	4	4	3	4	5	3	4.18181818181818	-.122517165083666	.340557508340113
4511047	45110	-.414	3.3	.592913257444735	.95	5	5	5	5	5	5	4	4	5	5	5	5	4.81818181818182	.548219152026412	.825649740188478
4511068	45110	.058	3.8	-1.06800242708399	.32	5	3	4	5	5	5	5	5	5	5	4	5	4.63636363636364	.537732916513975	.273671509379809
4511075	45110	-.728	1.9	-1.57364984083915	-.15	3	2	3	3	3	3	3	3	3	3	3	3	2.90909090909091	-.772537596901595	.194494885942365
4512723	45127	.772	4	.520503499170736	.71	5	5	4	4	4	4	5	4	4	4	3	3	4.18181818181818	-.230576808855217	.406961633562483
4512756	45127	-1.381	2.8	.302192878358012	-.37	4	4	4	4	4	4	4	4	4	4	4	4	4	-.108747263640919	-.320116721772192
4513286	45132	-1.131	3	.455026492434891	.76	5	5	5	5	4	5	4	4	4	5	4	3	4.54545454545455	.370986426784123	.745811934422485
4516935	45169	-1.321	1.9	-.842238674339637	-.2	5	4	3	3	3	3	3	3	3	4	4	4	3.45454545454545	-.325102839145543	.105097436645297
4516944	45169	.324	3.3	.388288006332431	-.35	5	5	5	5	5	5	5	5	3	5	5	5	4.81818181818182	.556088428788626	-.503848292671936
4519017	45190	.401	2.5	.247372456322196	-.81	5	5	5	5	5	5	3	2	4	4	4	5	4.27272727272727	.160628311541828	-.836196461356189
4519038	45190	.388	3.5	.556708378307735	.31	4	4	4	4	4	4	4	4	4	4	3	4	3.90909090909091	-.414886889415654	.103519615534009
4519068	45190	1.176	3.5	1.36339250883206	.07	5	5	5	5	5	5	5	5	5	5	3	3	4.81818181818182	.336810045558553	-.282067467930577
4519090	45190	-.879	2.5	.861634507488351	-1.54	5	5	5	5	5	5	5	5	5	5	5	5	5	.832307924330001	-1.54389810210878
4519703	45197	-.668	2.5	1.07267212974534	-.14	5	4	4	4	5	4	5	3	5	5	5	5	4.45454545454545	.245511570391236	-.182328855000712
4519753	45197	-.36	3.3	-.0304036520372486	-.42	5	4	3	5	4	3	3	2	4	4	3	3	3.63636363636364	-.534638555027374	-.478806576311367
4519764	45197	-.41	1.5	.235454392255552	-.16	5	5	5	4	5	4	4	3	4	4	4	3	4.27272727272727	.352570318590183	.0193498439261478
4521692	45216	.073	2.8	-1.21957456179425	-.14	4	3	3	3	4	3	4	4	4	4	4	4	3.63636363636364	-.275971000413232	-.0237436077490835
4522211	45222	-1.417	3.5	-.778142675408325	.41	5	5	5	5	5	5	4	4	5	4	4	5	4.63636363636364	.58995740384003	.479917324894227
4522393	45223	.528	3.8	.489969892205275	.07	5	5	5	4	4	4	4	4	3	4	3	3	4.09090909090909	-.275749122611143	-.183002641091547
4526859	45268	.633	3.8	1.20276551580597	.52	5	5	5	5	5	5	5	5	5	5	5	5	5	.514475942132846	.180234123041068
4527023	45270	1.174	4	.883633636531458	1.2	5	5	4	5	5	5	5	5	4	5	5	5	4.81818181818182	.3333196980863	.828076621150587
4530154	45301	.955	3.5	-.424067396363431	.95	5	5	3	4	5	5	4	3	5	5	3	3	4.27272727272727	.0879864734596573	.812510131945866
4530163	45301	.321	3.3	-.16049703809788	1.2	5	4	4	4	4	5	3	4	4	4	4	5	4.09090909090909	-.0823293324771088	1.10743796788493
4530187	45301	-.494	2.5	.363260092288934	.97	5	3	4	4	5	4	4	4	5	3	5	3	4.18181818181818	.0815671017985262	.994296992946305
4531893	45318	.343	4	.520503499170736	.56	5	5	5	5	5	5	5	5	5	5	5	5	5	.602267627652992	.287346568415064
4532087	45320	.123	2	.359876506144644	.07	4	4	4	4	4	3	3	3	3	3	3	3	3.45454545454545	-.585098752670198	.124362557170671
4533829	45338	-1.904	3	-.542818238080985	.95	5	5	5	5	5	5	5	5	5	5	5	5	5	1.01332868335249	1.10161069341377
4533890	45338	.709	4	-.22723552420034	.07	5	5	5	5	5	4	4	4	5	4	3	4	4.45454545454545	.165232039206762	-.145361060892841
4533891	45338	-.624	4	.623446864410196	-.14	5	5	5	5	5	5	4	4	4	4	5	3	4.63636363636364	.255033420369564	-.355619851915663
4535054	45350	.108	2	-.808676282373786	-.62	4	3	3	3	4	3	4	4	4	5	5	5	3.81818181818182	-.0319651506932938	-.434527876734547
4536175	45361	.789	2.3	-.0304036520372486	.07	5	4	4	4	4	4	4	3	3	4	4	4	3.90909090909091	-.138886778925972	.076591764898513
4536621	45366	.502	4	1.20488762258364	.28	4	3	3	3	4	4	4	3	3	5	4	5	3.63636363636364	-.877485365982845	-.0800794550676581
4536655	45366	-.208	2	-1.34754584107721	.35	5	5	5	5	5	5	5	5	5	5	5	5	5	1.24780231316762	.617823860406433
4542319	45423	-.032	1	1.1032057367108	.52	3	3	3	3	4	5	5	5	5	5	3	3	4	.00773403870134752	.649395347461475
4542378	45423	-.937	3.3	.628597756188261	-.14	5	4	4	4	4	4	4	5	4	4	4	5	4.18181818181818	-.0760401643882809	-.231278848447072
4543419	45434	1.605	4	.883633636531458	.07	5	5	5	5	5	5	5	5	5	5	5	4	5	.500406904383097	-.332449968409931
4543420	45434	1.085	3.5	.0996897340233823	-.37	5	4	4	3	4	4	3	4	4	4	3	3	3.81818181818182	-.455706981873233	-.574985869229151
4544461	45444	-1.279	2	.637652614504089	.57	5	4	3	3	3	4	5	3	4	4	4	3	3.81818181818182	-.21846742196029	.692749062024238
4544632	45446	-.499	3.5	.843018964589535	.07	5	5	5	5	5	5	5	5	5	5	5	5	5	.660034949787095	-.105519761036985
4545425	45454	.678	3.8	-.934525454879068	.3	5	5	5	3	4	4	4	3	4	4	3	3	4	-.141408054709185	.19490402150711
4550625	45506	-1.032	3.8	-1.86186181531895	-.14	3	3	4	3	3	3	3	3	3	3	3	5	3.09090909090909	-.842079803773572	-.0207787999291131
4550903	45509	.281	2.5	.128101234211169	-.17	5	4	4	4	3	4	4	5	4	4	4	3	4.09090909090909	.00220073652830922	-.174423595217337
4551333	45513	-.203	3.5	-.494000246715857	-.35	4	4	4	4	4	4	4	4	4	4	4	4	4	-.133852071618566	-.397689030118296
4551356	45513	-.366	2	-1.06995895461209	.74	5	5	3	3	3	4	4	4	5	5	4	3	4.09090909090909	.299218797832571	.988122195251995
4553177	45531	-.502	4	.753540250470827	-.14	4	4	3	3	3	3	3	3	3	3	3	3	3.18181818181818	-1.22472121597112	-.378738761348843
4554000	45540	.622	2.8	-.2939740103028	.11	5	5	5	5	4	3	5	4	3	3	4	3	4.18181818181818	.101026460945716	.0843629482124095
4554068	45540	-.271	2	-.674338682757806	-.4	3	2	3	4	3	3	3	3	3	3	3	3	3	-.858919070067656	-.20263461641868
4554074	45540	-.304	2.7	-.490805882465891	-.42	5	4	5	3	5	4	3	5	3	5	4	5	4.18181818181818	.180738108524298	-.34346778846552
4554083	45540	.233	2.3	-.246592166072298	-.83	2	4	3	3	3	3	3	3	4	4	3	5	3.18181818181818	-.812193052019733	-.759968807122773
4555509	45555	.192	3.5	-1.02612627577545	.07	5	2	4	3	4	3	4	3	3	5	3	2	3.54545454545455	-.515839826349108	.0535539771927344
4555548	45555	.687	3.5	-.660132932663912	-.14	5	5	5	5	5	5	4	4	4	5	3	3	4.54545454545455	.408051381830231	-.232236622650108
4555912	45559	.204	3.8	.828813214495641	.51	5	4	4	4	5	4	5	3	3	5	4	3	4.18181818181818	-.228565706698848	.242235862596511
4555981	45559	1.724	3.8	.781951750658613	.51	5	5	5	5	5	5	5	3	4	4	3	3	4.45454545454545	-.000211217505668155	.139793453401802
4556760	45567	.483	3.8	.944700850462379	.1	5	5	5	5	5	5	4	5	4	4	4	5	4.63636363636364	.197701955550434	-.200421996660271
4556766	45567	-.45	3.5	-1.32676214058906	-.14	4	4	4	3	3	4	4	3	4	4	4	3	3.72727272727273	-.263458557171476	-.0775173750596416
4556778	45567	-.267	2.3	-.517955903287063	.07	5	5	4	4	4	4	4	3	3	4	4	4	4	.0669644488316599	.205644688436133
4557627	45576	.341	4	.482176513256062	-.6	5	5	4	4	4	4	4	4	3	5	3	1	4.09090909090909	-.300556480649666	-.868246402169927
4557829	45578	.108	2.8	-.221564252028801	-.19	5	4	3	3	3	3	3	1	3	4	4	3	3.27272727272727	-.802207139474521	-.187290206672531
4557839	45578	.902	3.8	.897839386625351	1.18	5	5	5	5	4	4	5	5	4	3	3	4	4.36363636363636	-.0817674648662806	.855116510864579
4563778	45637	-.687	1.1	.843018964589535	-.57	2	1	4	4	4	4	5	3	5	5	3	3	3.63636363636364	-.30766612896298	-.379934688283014
4565431	45654	-1.311	3	-2.08567812905364	-1.3	3	3	3	2	3	3	3	3	3	5	5	5	3.27272727272727	-.484692461510189	-1.01868648151141
4568679	45686	.238	3.5	-.611844410210694	.07	5	5	5	5	5	5	4	4	5	5	4	4	4.72727272727273	.597406277768855	.00419087441456914
4568692	45686	-.215	4	.180633970219735	-.83	5	5	3	3	5	4	4	3	3	5	4	4	4	-.32369521076946	-1.02530800348532
4574713	45747	-.428	1.2	-.515966163737366	-.96	3	1	3	3	5	3	5	3	4	3	5	3	3.45454545454545	-.294783850578353	-.651716675831606
4576801	45768	-.187	3.8	1.2966540227296	-.15	5	5	4	4	3	4	3	4	3	5	4	5	4	-.472681755598324	-.442136211541148
4576814	45768	-.335	3.5	-2.87143538800715	-.58	3	3	4	4	4	4	5	4	4	4	4	4	3.90909090909091	.164241842289763	-.35375726803118
4578801	45788	.101	1.8	-.203114288379559	.58	5	5	5	4	5	5	4	3	4	5	5	5	4.54545454545455	.630071269284222	.727931276386419
4578851	45788	.632	2.3	.839635378445245	.28	5	5	4	4	4	4	4	4	4	4	4	4	4.18181818181818	-.00150079637533069	.200885822891416
4582031	45820	.35	2.3	.0727052924517856	-.64	4	3	3	4	5	5	5	4	4	5	3	5	4.09090909090909	.041260481411412	-.613789925488777
4583076	45830	.122	4	.686801764368366	.53	5	5	4	4	4	5	3	4	5	5	4	4	4.36363636363636	-.0534371767857645	.254492233980722
4583078	45830	-.938	2.8	.0363348340652112	.51	5	5	5	5	5	5	5	5	5	5	5	5	5	.919107591706259	.558093855536475
4585127	45851	1.422	3.5	.989738153999285	-.14	5	5	3	3	3	4	5	3	3	4	3	3	3.72727272727273	-.702077614796951	-.467907350491105
4585177	45851	.429	3.5	.753540250470827	-.63	5	4	4	4	4	4	5	3	3	4	4	4	4	-.357211816110069	-.861289542433751
4585936	45859	1.628	4	.939195157540415	1.43	5	5	5	5	5	5	5	5	5	5	5	5	5	.490635092554864	1.01973761231929
4585954	45859	.389	3	.229783120084013	-.81	5	4	4	3	4	4	3	4	4	4	3	3	3.81818181818182	-.371810214966254	-.90677851765595
4585995	45859	-.744	4	1.2966540227296	.56	5	5	5	5	5	5	5	5	5	5	5	5	5	.513896580828003	.277958830435441
4586743	45867	-.142	3	.753540250470827	-.13	5	5	3	3	4	3	4	2	2	4	3	4	3.45454545454545	-.802002526444263	-.247457637857644
4590335	45903	-.291	3.5	.136060192409957	.74	5	5	5	3	4	4	4	3	3	3	4	4	3.90909090909091	-.323650164384301	.628424935258296
4591040	45910	.325	2.5	-.126414265738555	-1.78	3	3	3	2	4	1	3	3	3	4	3	1	2.90909090909091	-1.1399597060161	-1.75921520491278
4591810	45918	-1.311	3.3	-.916029440418169	-.14	5	4	4	4	3	3	3	3	2	2	3	4	3.27272727272727	-.722542969241587	-.0328892902800157
4592420	45924	-.444	4	.388288006332431	.07	5	5	5	5	4	4	4	4	4	4	5	4	4.45454545454545	.105094229701216	-.132198164467917
4595860	45958	-.051	1.5	-.981386918716096	-.81	3	3	3	3	4	3	3	4	3	4	3	4	3.27272727272727	-.462905762377414	-.520656035496093
4596728	45967	.905	2.5	-.26005681719305	.07	5	4	4	4	4	4	4	4	4	4	3	3	4	-.0472608188892795	.0645778853585327
4598159	45981	.697	4	.875840257582245	.07	5	5	5	5	5	5	5	4	4	5	5	4	4.81818181818182	.350883275701759	-.267271413092878
4598512	45985	.033	2.3	-.0270200658929595	.51	5	4	3	3	4	4	4	3	4	4	5	4	3.90909090909091	-.113594970728506	.569760688335769
4598540	45985	.18	2	-.119882366155957	1.18	5	3	5	1	4	4	4	2	1	4	3	5	3.27272727272727	-.691275963263652	1.28371731782765
4599489	45994	-.078	3.5	.556708378307735	.07	5	5	4	4	4	4	4	3	4	4	4	4	4.09090909090909	-.217141481163678	-.103474837516568
4611924	46119	1.055	3.5	.0996897340233823	.3	5	5	5	5	5	5	5	5	5	5	1	1	4.63636363636364	.363500194233508	.0971389513899108
4634497	46344	.224	3.3	.296521606186473	.72	5	5	4	5	5	5	4	4	4	4	5	4	4.54545454545455	.301619965118387	.583447040266861
4650315	46503	.189	2.8	-1.22508025471622	-.16	5	4	4	4	4	4	5	4	4	4	5	4	4.27272727272727	.35731832852304	-.0513468573517186
4650377	46503	1.002	3.5	.489969892205275	1.2	5	5	5	5	5	5	5	5	5	5	3	3	4.81818181818182	.484011663017407	.957458884403262
4654012	46540	.853	4	.229783120084013	.3	5	5	4	5	5	4	5	4	5	5	4	4	4.63636363636364	.268217022078109	.0235786191826259
4654016	46540	1.108	4	.686801764368366	-.14	5	4	4	4	3	4	4	4	4	5	4	3	4.09090909090909	-.359864546645486	-.485343537032434
4654072	46540	.572	2.8	.359876506144644	-.61	3	3	4	5	4	4	4	4	2	5	4	4	3.81818181818182	-.366645148829097	-.704862101497235
4671599	46715	.841	3	.363260092288934	-1.96	5	5	5	5	4	4	5	5	5	4	5	3	4.72727272727273	.500245363644698	-2.1036470100619
4686952	46869	-.049	2.5	.585119878495522	.95	5	5	5	5	5	5	4	3	3	4	4	4	4.36363636363636	.212295465522519	.918088250639303
4686960	46869	-.782	2.8	-.894771410348204	.19	5	3	3	2	4	5	5	2	3	5	5	4	3.81818181818182	-.117459007369665	.330666738484772
4692242	46922	.927	3.5	.686801764368366	.74	5	5	4	5	4	5	5	1	5	3	2	2	4	-.363439455458217	.480865699495873
4713027	47130	1.326	3.8	1.00593364364288	1.43	5	5	4	4	5	5	4	5	4	5	3	3	4.45454545454545	-.0228316762812951	1.06305600319579
4727018	47270	.03	2.3	.883633636531458	.1	4	3	3	4	3	4	3	2	3	4	4	3	3.36363636363636	-.806222730694398	.0586273646546965
4736814	47368	.808	3.8	.883633636531458	.07	5	5	5	5	5	5	5	4	4	5	2	2	4.54545454545455	.105560934422812	-.246644773112874
4744567	47445	-.211	3.5	.426614992247104	-.19	5	4	3	3	3	3	3	3	3	3	3	3	3.27272727272727	-1.00973815297779	-.339576827189731
5214161	52141	-.355	1.9	.493353478349564	.07	5	4	4	4	3	4	4	3	4	3	3	4	3.72727272727273	-.301391143560423	.158041401047619
5400274	54002	1.476	2.8	.420943720075566	-.14	5	5	4	4	4	4	4	3	4	4	5	4	4.18181818181818	-.0437823512985234	-.305686143072187
5403800	54038	1.391	3.3	.243988870177906	-.19	5	5	4	4	3	4	4	3	4	4	3	3	3.90909090909091	-.366134221625321	-.403362162358075
5403852	54038	1.041	3	.493353478349564	.3	5	5	4	4	4	4	4	3	4	5	4	4	4.18181818181818	-.0730842942098791	.127709546895356
5403883	54038	1.419	3.8	.969728764505876	1.2	5	5	5	5	4	5	4	2	4	5	3	3	4.27272727272727	-.201973222445237	.830498266689129
5407741	54077	1.547	4	.229783120084013	.35	5	5	5	5	5	5	5	5	5	5	5	3	5	.608133439051267	.024424435528335
5407774	54077	1.154	3.8	1.00593364364288	.53	5	5	5	5	4	4	4	4	4	4	3	3	4.27272727272727	-.198771139329922	.175238308078409
5415730	54157	1.797	2.8	.489969892205275	-.35	4	4	4	4	4	4	4	4	4	4	4	4	4	-.247735141845795	-.546103582357913
5415733	54157	.806	3.5	.363260092288934	.27	5	5	5	5	5	5	5	5	4	5	5	5	4.90909090909091	.602111940425961	.0554424618670323
5415784	54157	.819	1.8	.883633636531458	.52	5	5	4	4	3	4	4	4	4	4	3	3	4	-.115678151806893	.496134067833346
5425900	54259	1.014	2.5	.229783120084013	.48	5	5	5	5	5	5	5	5	5	5	3	3	4.81818181818182	.687976017547192	.41234387157357
5425917	54259	1.246	3.3	.686801764368366	.07	5	5	4	4	4	4	4	4	4	4	3	3	4.09090909090909	-.25097419477107	-.182372432236161
5425963	54259	.719	3	-.22723552420034	.51	5	5	4	4	4	4	4	4	4	5	3	3	4.18181818181818	.0544586924031721	.44070963648741
5425985	54259	.647	4	1.23329912277143	.09	5	5	4	4	4	4	4	5	4	5	4	4	4.36363636363636	-.15976339395955	-.283511310892097
5430507	54305	1.647	4	1.49348589489269	1.38	5	5	5	5	5	5	5	5	5	5	4	3	4.90909090909091	.309433768196486	.90670539064119
5433004	54330	1.035	3.3	.424327306219855	.3	5	5	5	4	4	3	5	4	3	3	3	4	4	-.292222839080253	.0917826784049531
5433099	54330	1.243	2.5	.0996897340233823	.07	5	5	4	3	4	5	4	3	5	5	3	3	4.18181818181818	.0648248752571956	.000602379763729985
5434483	54344	-.561	2.8	.715213264556153	-.39	4	3	3	4	4	3	3	3	4	3	3	4	3.36363636363636	-.83993319902895	-.444159807653691
5435484	54354	1.131	4	.877962364359919	-.37	5	5	5	5	4	4	3	3	3	3	4	4	4	-.482475252165694	-.738246652009942
5439494	54394	.562	4	-.579188696467559	1.18	5	5	5	5	3	5	5	3	5	4	4	4	4.45454545454545	.22717602814727	1.01421910218048
5456797	54567	1.27	2.5	1.00593364364288	-.64	5	5	5	5	5	5	4	5	5	4	3	4	4.63636363636364	.371884932464996	-.812165002786043
5473070	54730	1.227	4	.742363285377324	-.37	5	5	5	5	5	5	5	5	5	5	5	5	5	.536173405257439	-.729955382284206
5473075	54730	.905	3.8	.653980471375656	.74	5	5	3	3	3	4	3	3	3	5	1	1	3.45454545454545	-.951522751626496	.442042861256539
5473083	54730	.6	4	1.23329912277143	.76	5	5	5	5	5	5	5	5	5	5	5	5	5	.478206636486465	.389817574744433
5475219	54752	.762	2.5	.359876506144644	.33	5	4	3	4	3	4	4	5	4	5	2	3	3.90909090909091	-.233541277874918	.26571439252469
5475283	54752	1.05	3.5	.570914128401629	.3	5	5	5	5	4	4	4	4	5	5	3	3	4.45454545454545	.10564399518945	.0450509624572301
5482839	54828	1.11	3	1.05846637965144	-.55	5	5	4	4	5	5	4	5	4	5	5	5	4.63636363636364	.287709779215843	-.790068431067576
5483476	54834	1.378	3.3	.0365004133147864	.32	4	5	5	5	5	5	5	5	5	5	3	3	4.72727272727273	.486048052870551	.130649791123873
5488819	54888	1.326	3.5	.715213264556153	-.35	5	5	3	3	3	2	2	4	3	3	3	3	3.27272727272727	-1.10894430174472	-.640556304236621
5493226	54932	.634	3.5	1.3328589018666	.74	5	4	3	3	4	4	4	2	4	4	3	3	3.63636363636364	-.821545279431967	.429719014714084
5705546	57055	1.099	3.8	.296521606186473	.32	5	5	4	4	4	4	5	3	5	5	3	3	4.27272727272727	-.0821614363684513	.0480836200842625
5705594	57055	1.022	4	-.239035951913994	-.11	5	5	4	5	3	4	4	3	4	4	3	3	4	-.298102888551478	-.346216764031878
5713683	57136	-.793	2	.457148599212565	.1	5	5	5	5	5	5	5	5	5	5	5	5	5	.97593202890235	.208415092406356
5776759	57767	.483	3	.160756947954304	1.43	5	5	5	5	5	5	5	5	5	5	5	5	5	.817958457619591	1.33424556973276
6234367	62343	1.531	3.3	.551037106136197	1.22	5	5	3	4	5	4	4	5	5	4	5	4	4.45454545454545	.124877849716515	.962550894750567
6234376	62343	.47	4	-.0573880936088456	.36	5	5	4	4	4	4	4	4	4	4	4	4	4.18181818181818	-.126795176706354	.142664513720079
6237722	62377	.85	2	-.353945324116682	-.96	3	3	3	3	3	2	3	3	3	3	3	3	2.90909090909091	-1.03995808330764	-.877688359876653
6248890	62488	.569	3	-.290590424158511	.53	5	5	5	5	5	5	5	5	5	5	4	3	4.90909090909091	.797104299995496	.478384447625668
6256651	62566	1.164	3.7	1.2966540227296	.07	5	5	5	5	5	4	5	5	5	4	3	4	4.63636363636364	.133736166736173	-.303146069660894
6259629	62596	.922	4	.825429628351352	.3	5	5	4	4	3	3	4	3	4	5	4	4	4	-.466836052389325	-.0475974155739209
6259679	62596	.927	4	.163044633981553	-.16	5	5	4	4	4	4	4	3	4	4	4	4	4.09090909090909	-.268973437385682	-.434235340805013
6803837	68038	1.035	3.8	.623446864410196	.27	5	5	5	4	4	4	4	4	4	4	4	4	4.27272727272727	-.132846094135277	-.0337666379657796
6806073	68060	-1.953	3	-.412724852020354	-.58	5	3	4	4	4	4	4	4	4	4	4	4	4	-.00603595827068107	-.439396738490762
6806824	68068	.328	2.5	.194839720313629	-.14	3	4	4	4	4	4	4	4	3	4	3	3	3.72727272727273	-.373835323395997	-.155179745059913
6808651	68086	.225	3.5	.562379650479274	.77	5	5	5	5	4	5	5	4	4	5	3	3	4.54545454545455	.226130670102626	.574433323612094
6808662	68086	-.743	1.6	-1.52021042660786	.72	5	3	5	5	5	5	5	5	5	5	5	5	4.81818181818182	1.17711219900734	1.10364376469302
6811439	68114	-.177	4	-.569107631491097	-.15	5	4	4	4	4	4	4	3	3	4	3	3	3.81818181818182	-.385559988001827	-.264561395605814
6813083	68130	.401	2.5	-1.04950641262309	-1.29	5	5	4	4	5	5	5	3	5	4	4	5	4.45454545454545	.552184627591076	-1.17186801512642
6813561	68135	.151	2.5	.330604378545798	-.42	5	2	3	3	3	3	3	3	3	3	3	3	3.09090909090909	-1.02610592914057	-.437752426275263
6813761	68137	-.095	4	.709541992384614	.07	5	5	5	5	5	4	4	4	4	3	3	3	4.27272727272727	-.140607182412788	-.192668969088224
6815058	68150	.033	1.3	.103073320167672	-.14	4	4	4	4	4	4	4	4	4	4	4	4	4	.118570439178692	.0520616870067103
6815809	68158	-.082	2.8	-1.253491754904	-.14	5	3	4	4	3	4	3	4	4	4	3	3	3.72727272727273	-.174278958397399	-.00899075492722132
6816204	68162	1.379	4	1.49348589489269	.48	5	5	5	5	5	5	5	5	5	5	4	4	4.90909090909091	.318593632325793	.0256871215048069
6816288	68162	-.219	3.5	.883633636531458	-.64	5	5	3	3	4	5	4	4	4	5	4	4	4.18181818181818	-.174285296014112	-.839871389311018
6818502	68185	-.802	2.3	-.87753687525392	-1.02	4	1	3	3	3	3	3	3	3	3	3	3	2.90909090909091	-.947505749053833	-.806445244398307
6820113	68201	-1.718	2.8	-.275003666260085	-.64	5	1	5	5	5	5	5	5	5	5	5	5	4.63636363636364	.632481848906153	-.502012235490797
6820116	68201	-.36	3.5	.363260092288934	-.39	5	4	4	4	3	6	3	4	4	3	3	3	3.7	-.567126723982965	-.521972843405441
6820154	68201	-1.29	3	.523887085315025	-.59	5	4	3	3	3	3	4	4	3	3	3	3	3.45454545454545	-.725624767700201	-.600589947797176
6820184	68201	-.956	2.8	-.0247323798657103	-.79	5	4	5	5	5	4	5	4	5	5	5	5	4.72727272727273	.656871647702069	-.733835138504858
6825477	68254	.663	2.3	-.33320767444019	-.35	5	3	3	5	5	5	5	5	4	5	5	5	4.54545454545455	.550754434441896	-.300785209754973
6828191	68281	.685	4	.877962364359919	.07	5	5	4	4	5	3	4	5	4	3	4	8	4.18181818181818	-.285413415863666	-.266657652139894
6829265	68292	-.76	3.3	.76774600056472	-.12	5	3	4	3	4	4	5	3	3	4	4	4	3.81818181818182	-.468229932430249	-.239300969130444
6831600	68316	.03	3.3	.489969892205275	.95	5	5	5	5	5	5	5	5	5	5	4	4	4.90909090909091	.640601493073715	.805658866644845
6832823	68328	-.518	2.1	-1.07401394627311	.75	5	1	5	5	5	5	5	2	5	5	3	3	4.18181818181818	.37974925914582	.994661332223447
6834018	68340	-.915	3	.504175642299168	-.35	5	3	4	3	4	5	4	5	5	5	5	4	4.36363636363636	.173837006517668	-.384956537328222
6835237	68352	-.559	2.3	-.495956774243956	.08	5	5	5	5	3	5	5	3	4	5	5	4	4.54545454545455	.618841328840104	.233878013132054
6835292	68352	-1.252	1.5	-1.48526702683748	-.81	4	1	3	4	2	4	4	1	3	2	1	5	2.63636363636364	-.976730737577474	-.379516033588881
6837439	68374	-.665	2.8	-.248714272849973	-.62	4	3	4	4	3	3	4	4	8	4	4	3	3.7	-.344123510862809	-.559519161424192
6840162	68401	-.485	3.3	-.502369145388637	.51	5	3	4	4	3	4	4	5	4	4	4	4	4	-.0904011020309458	.512571444854461
6840164	68401	.209	3.3	1.04213852277988	.51	5	5	5	5	5	5	5	5	5	5	5	5	5	.63609297330569	.291530435626386
6840172	68401	.533	2.5	.235454392255552	-.37	4	3	4	4	4	4	4	4	4	4	3	3	3.81818181818182	-.296501265293988	-.404219321786293
6840189	68401	-.691	2.8	-.386601037859817	-1.33	3	1	3	5	5	5	4	5	5	5	3	5	4	-.020935087818135	-1.25233236005855
6842202	68422	-.142	3.8	-.789319640501827	-.58	5	5	5	5	5	5	4	2	4	5	3	5	4.36363636363636	.22677130385373	-.643177368615319
6842244	68422	-.784	3.5	-1.89404319948027	-1.02	4	1	3	3	3	2	3	3	3	4	2	3	2.81818181818182	-1.06939011085239	-.87072885604825
6842719	68427	.224	3.5	.975400036677415	-.41	5	4	3	3	3	3	3	3	3	3	3	5	3.27272727272727	-1.11335827310367	-.651460504661086
6844572	68445	-.521	2.8	.252523348100261	.3	5	2	5	5	5	4	4	4	4	4	5	5	4.27272727272727	.142619235306706	.294499429759413
6844849	68448	-.553	3	-.233885060135928	.52	5	5	5	5	5	5	4	3	5	4	5	5	4.63636363636364	.553554721211101	.541542051421217
6844905	68449	-.121	3	.260316727049474	-.85	5	4	4	3	4	5	4	3	3	4	4	4	3.90909090909091	-.268408096317546	-.914054623925519
6844914	68449	-.089	.8	-.466164266251638	-.35	4	3	4	4	4	4	4	4	4	4	4	4	3.90909090909091	.205039116976129	-.0125579674297366
6844971	68449	-.993	4	-.22723552420034	.28	5	4	3	3	4	3	4	3	3	4	4	5	3.63636363636364	-.594777806034459	.185187095561918
6845037	68450	1.174	4	-.424067396363431	.32	5	5	5	5	5	5	4	4	4	4	4	4	4.54545454545455	.272080777385669	.0936094559667475
6848160	68481	-.704	3.5	.520205552693184	.72	5	5	5	5	5	5	4	4	5	5	5	4	4.81818181818182	.537430478849713	.594925451667368
6849317	68493	-.492	2.8	.2581946202718	1.18	4	5	4	5	5	3	5	4	3	5	5	5	4.36363636363636	.231619958650937	1.1718142858755
6849336	68493	-1.417	1.6	-.854790534472283	.07	5	3	5	5	5	5	5	5	5	5	5	5	4.81818181818182	1.09253333686331	.427327438772264
6849432	68494	-.094	2.3	.18275607699741	-.39	4	3	3	4	4	4	4	4	4	4	3	5	3.72727272727273	-.324998581937961	-.344590030046279
6851960	68519	.333	3	.883633636531458	.79	5	5	5	5	5	5	5	5	5	5	5	5	5	.706177792298462	.624421396758218
6851980	68519	.927	3.3	1.23329912277143	-.19	5	4	3	4	3	3	4	3	3	4	3	4	3.54545454545455	-.873908221111584	-.480597690359381
6852397	68523	-1.329	3.3	.269537164614877	.15	5	5	3	4	4	3	5	3	5	3	5	5	4.09090909090909	-.0954820603952002	.126444994449721
6854260	68542	-1.404	1.6	-2.02075299939661	-.38	3	2	3	2	3	2	4	3	3	2	3	5	2.72727272727273	-.810254437315671	.10616556424614
6854277	68542	.558	3.8	.944700850462379	.53	5	5	5	5	5	5	5	5	5	5	5	5	5	.558774924374491	.224265951792075
6854295	68542	-.856	2.8	.263865892443338	-.86	5	3	5	4	5	5	5	5	5	5	5	5	4.72727272727273	.606780143538924	-.843035707898698
6855141	68551	-.432	3	-.599972396955707	-1.04	4	4	4	4	4	4	4	4	4	4	4	4	4	-.0277389382288858	-.986286538308078
6856315	68563	.249	3.5	1.2966540227296	-.62	5	2	4	3	4	5	3	3	4	4	3	3	3.63636363636364	-.802531274173963	-.898983246595528
6857475	68574	-.114	3	1.18855976571207	-.58	5	5	5	5	5	4	3	4	4	4	4	4	4.36363636363636	.0357777169248551	-.747853722058861
6860280	68602	-1.26	2.3	.166428220125842	.07	4	4	4	4	4	4	4	4	4	4	3	5	3.90909090909091	-.100687527759885	.199811776725375
6861410	68614	.108	1.3	-.193152751841015	.33	5	5	5	5	5	5	5	5	5	5	5	5	5	1.16391429703388	.549716360208402
6861480	68614	-.018	1.6	.111607798090026	-.37	4	4	4	4	4	4	4	3	4	4	4	4	3.90909090909091	-.0206644978963453	-.219309603347538
6861789	68617	.313	3.5	1.36339250883206	.97	5	5	4	4	4	4	3	3	3	3	3	3	3.72727272727273	-.724602915710271	.679056538544427
6863509	68635	-.756	3.5	.201371619896227	-1.04	4	4	4	4	4	4	4	4	4	4	4	4	4	-.227410536350556	-1.12590879332276
6863553	68635	-.733	3.8	-1.06106967554583	-.35	4	3	4	4	4	5	4	4	4	5	4	4	4.09090909090909	.0181924403036255	-.341075593118206
6863563	68635	-.34	2.5	.648474778453693	-.17	5	5	5	5	5	5	5	4	5	5	3	3	4.72727272727273	.575631710335646	-.18835169739875
6864198	68641	.39	2.3	-.0270200658929595	.33	5	1	4	3	5	4	5	4	5	5	3	5	4	-.034887639125992	.364475322968936
6864407	68644	-.282	3	.172099492297381	.12	5	1	4	4	4	4	4	5	4	4	4	5	3.90909090909091	-.248638382678849	.0771661942811949
6864474	68644	.009	3.5	.489969892205275	.27	5	5	4	4	4	4	4	5	5	5	5	4	4.54545454545455	.245223737605066	.0977904468942001
6864480	68644	.335	3.8	1.49348589489269	.73	5	5	5	5	5	5	4	3	4	5	5	4	4.63636363636364	.114007957765551	.378986673232137
6864815	68648	-.465	1.6	-1.75112507113028	-1.52	3	2	2	2	1	1	4	1	1	2	2	1	1.90909090909091	-1.704135618232	-1.13034796313745
6864866	68648	-.586	2	-.672911624141616	-1.89	3	3	3	3	3	3	3	3	3	3	3	3	3	-.848383603349891	-1.67048281594807
6865134	68651	.313	4	.845306650616784	-.37	5	5	5	5	5	5	4	3	3	5	5	5	4.54545454545455	.0962186413975571	-.676675652375274
6865644	68656	-.071	3.3	.686801764368366	-.36	5	5	4	4	4	4	4	4	4	5	4	4	4.27272727272727	-.0241428000487951	-.519092807059358
6865646	68656	-.802	3.5	.197127406340878	.07	5	4	3	4	5	5	5	3	3	4	4	3	4.09090909090909	-.134242833213069	-.0121784004509192
6865658	68656	-.549	3.5	.233166706228302	.29	5	4	5	5	4	4	4	4	4	4	4	3	4.27272727272727	.0330996965718668	.185891498743643
6867104	68671	.634	3.3	-.983674604743345	-.4	5	3	4	4	3	3	3	3	3	3	4	4	3.45454545454545	-.596262224535685	-.423120326164834
6867306	68673	-.336	3.3	-.288302738131261	.07	5	5	4	4	3	4	4	2	4	4	4	4	3.90909090909091	-.221022759565798	.038194917235657
6871813	68718	-.76	2.3	-.120742993567016	.52	5	5	4	4	5	5	4	4	4	4	3	5	4.27272727272727	.292302390047255	.646357117708449
6871849	68718	-.431	2.8	.493353478349564	.52	5	5	5	4	5	4	4	3	4	4	4	4	4.27272727272727	.100594834595135	.481323206121298
6871885	68718	.812	2.3	.359876506144644	1.43	5	5	5	5	5	5	5	5	5	5	5	5	5	.888118025539034	1.39152881901024
6875008	68750	-.56	3	-.675199310168865	-.58	4	2	4	4	4	4	4	4	4	4	4	4	3.81818181818182	-.193016163874806	-.508848703615473
6875068	68750	.141	4	.781951750658613	-.65	5	5	5	5	5	5	5	4	5	4	4	3	4.72727272727273	.294161632680279	-.937442639449704
6875085	68750	-.212	3.3	.883633636531458	.07	3	2	5	4	5	4	4	4	4	4	4	4	3.90909090909091	-.414792676544135	-.101011386604812
6878855	68788	-1.282	1.3	.651858364597982	.51	5	5	5	5	5	5	5	5	5	5	5	5	5	1.07476286467329	.734125878980614
6878891	68788	.171	3.3	.975400036677415	.36	5	5	4	4	5	4	5	4	5	5	5	4	4.63636363636364	.284548698579792	.151649139283244
6880932	68809	-.39	2.3	-.187647058919051	-.14	3	3	3	3	3	3	3	1	3	3	3	3	2.81818181818182	-1.16406906501158	-.0324033118928509
6880967	68809	.808	4	-.884469626792074	.3	5	5	4	4	4	5	5	4	5	5	4	5	4.54545454545455	.35904883648751	.150770004635431
6880969	68809	-.181	2.8	.753540250470827	.04	5	5	5	5	5	5	5	5	5	5	4	3	4.90909090909091	.686335035783322	-.045339576868876
6881708	68817	.972	4	1.04426062955755	.73	5	5	5	5	8	3	5	5	4	4	4	4	4.5	-.00393549328565326	.354507717609656
6884321	68843	.128	3	.781951750658613	.09	4	4	4	4	5	5	4	5	4	4	4	4	4.27272727272727	.0023562118009462	-.0497429129281723
6884337	68843	-.132	2.1	-.351657638089432	.09	5	2	3	4	5	4	4	3	2	4	3	3	3.54545454545455	-.386630612118262	.226931610172915
6885566	68855	.2	3	.198105670104928	-.14	4	4	4	4	4	4	4	4	3	4	4	4	3.90909090909091	-.269318323782659	-.219866793734387
6888289	68882	-.315	3	.224111847912475	1	5	3	3	4	5	5	5	5	5	5	5	5	4.54545454545455	.380441433182088	.953715090156844
6889150	68891	-.51	2.5	-.338192986968681	-1.3	1	4	5	5	5	5	5	3	5	5	5	5	4.36363636363636	.377374856311487	-1.19650570692716
6889283	68892	-.869	2.3	-.187481479669476	.28	5	5	4	4	4	3	4	4	4	4	5	4	4.18181818181818	.215912068470946	.421504563497086
6895163	68951	-1.828	2	-1.09939666146051	-.62	5	1	4	4	3	3	3	4	4	3	5	3	3.54545454545455	-.191505815880415	-.265052118159498
6896988	68969	.685	3.8	.493353478349564	-.64	5	5	4	5	5	4	4	4	4	8	8	8	4.44444444444444	.0718729796065378	-.904499091827731
6898586	68985	-.756	3.3	.162137955758837	-.38	5	4	4	4	4	4	4	4	4	4	4	4	4.09090909090909	-.0976972266538522	-.432186721053408
6898771	68987	-1.575	3	-.279247879815434	.1	4	3	4	5	5	4	4	4	4	4	3	3	4	-.0405420725358303	.19897599329697
7040925	70409	-.812	2.5	-.642378017176155	.07	5	3	4	5	5	5	4	4	4	4	5	4	4.36363636363636	.436891210387495	.228736623795278
7081732	70817	-.171	2.5	-.288302738131261	-.63	5	4	5	5	5	4	4	4	4	5	4	4	4.45454545454545	.448628886820599	-.556068419433231
7081796	70817	.206	4	.455026492434891	.72	5	5	4	5	5	4	4	4	3	5	3	4	4.27272727272727	-.109733342695848	.464336791246369
7084010	70840	.775	3.5	.875840257582245	.07	5	5	5	5	5	5	5	5	5	5	5	4	5	.61118338286447	-.199406461242468
7084045	70840	.358	3.5	-.0304036520372486	-1.26	4	4	3	2	4	3	3	3	3	4	3	3	3.27272727272727	-.955274294046611	-1.3990164106449
7084071	70840	.401	3	.742363285377324	.02	5	5	5	5	4	4	4	4	4	4	4	3	4.36363636363636	.0903370023253216	-.134673016986106
7200412	72004	.905	2.8	-.2939740103028	.29	5	5	5	5	5	5	5	3	4	5	4	5	4.63636363636364	.545899372399403	.244318807039262
7200482	72004	.883	4	.449355220263352	.29	5	5	4	5	4	4	4	4	4	4	3	3	4.18181818181818	-.222864155873252	-.0129821767716373
7202203	72022	.229	3.3	-.418396124191893	.3	5	5	5	5	5	5	5	4	4	4	3	3	4.54545454545455	.417069362112348	.242655434492328
7202219	72022	-.186	3	-1.06319178232351	-.41	5	5	4	3	3	3	3	4	4	3	4	3	3.72727272727273	-.233959848273141	-.322158811708504
7202234	72022	-.178	2	-1.60773261319847	-.62	3	3	3	3	3	3	3	3	3	3	3	3	3	-.711144258956205	-.325345015714634
7202638	72026	-.586	4	.166428220125842	.95	5	5	5	5	5	5	5	5	5	4	5	5	4.90909090909091	.600373387299143	.782549889586563
7202648	72026	.005	3.3	-.132085537910093	.03	5	5	5	5	4	4	5	4	4	5	4	5	4.54545454545455	.378421700265222	-.0433424777599272
7204938	72049	-.48	1.6	-.0744019101234611	.3	4	4	4	3	3	5	4	2	3	5	5	5	3.81818181818182	-.065700599451094	.504113482054662
7205721	72057	-.444	3.5	-2.06813484362711	-1	5	4	5	5	5	4	4	5	4	3	3	5	4.27272727272727	.401689645275182	-.85543565882273
7205788	72057	-.168	2.2	-.85644442443353	-.67	4	4	4	4	4	4	4	3	3	4	3	3	3.72727272727273	-.138174773596231	-.489019249007131
7206079	72060	-1.127	2.8	-.672911624141616	.27	3	3	4	4	4	4	4	3	4	3	3	4	3.54545454545455	-.414275006168171	.410411605813058
7206098	72060	-.428	2	.489969892205275	.1	5	5	5	5	5	5	5	5	5	5	5	5	5	.958148807104874	.178910456958438
7206524	72065	1.127	3.8	.642803506282154	.29	5	5	3	4	3	2	4	4	2	2	2	2	3.27272727272727	-1.13912098396933	-.0224369372479646
7207589	72075	-.267	2.5	-.867786968776608	.29	5	3	4	5	5	5	5	4	3	4	4	3	4.27272727272727	.363809115915832	.435221268997423
7208038	72080	-.957	2	-.766965710314823	-.36	5	4	4	3	5	4	3	5	4	5	3	3	4.09090909090909	.270416673264888	-.103738675628028
7208088	72080	.85	1.9	-1.03277581171104	-.14	4	3	3	4	3	4	3	4	4	4	3	3	3.54545454545455	-.277580806218791	.0325359524388152
7208091	72080	.612	3.5	.883633636531458	.48	5	5	5	5	5	5	4	4	5	5	4	4	4.72727272727273	.342766834920084	.221271079540976
7208407	72084	.568	4	.753540250470827	.07	5	5	5	5	5	4	4	5	5	4	4	5	4.63636363636364	.193253139252099	-.244524030095373
7209249	72092	.093	3.3	-.129797851882844	.32	5	5	5	5	5	5	5	5	5	5	5	5	5	.829589461504047	.240170120635105
7209257	72092	-.64	3	-.500247038610962	-.37	5	3	4	5	5	5	5	5	4	3	5	5	4.45454545454545	.417787550324447	-.312652791299046
7211594	72115	-.925	3	.0940184618518438	-1.06	5	5	4	3	4	3	3	4	3	5	4	5	3.90909090909091	-.214033865807579	-1.04860225167324
7211612	72116	1.302	3.3	1.02793277268598	.28	5	5	5	5	5	5	5	5	5	5	5	5	5	.601033195547171	-.0143029175119365
7211689	72116	.903	3.3	1.49348589489269	.32	5	5	5	5	5	5	5	5	5	5	4	4	4.90909090909091	.448469643063621	.00214622163787404
7212928	72129	-1.578	2.3	-.772471403236786	-1.01	5	2	4	3	5	3	4	5	3	4	4	5	3.81818181818182	-.0288839941037521	-.753175856631699
7212999	72129	-1.042	1.5	-.961509896450664	.07	5	3	4	4	4	3	4	4	4	5	4	3	4	.295023337471661	.427321776918605
7213255	72132	-.084	3	-.678582896313154	-.33	5	3	4	4	3	5	5	3	4	4	2	4	3.81818181818182	-.208737964772995	-.292185967941488
7213362	72133	-.984	2	-.877702454503495	-.14	5	4	4	4	4	4	4	3	3	2	4	4	3.72727272727273	-.0743879342027901	.130497452461061
7214838	72148	.461	1	.200510992485167	.32	5	5	5	5	5	5	4	4	5	5	5	5	4.81818181818182	.955054393656488	.514937522623339
7215376	72153	-1.333	3	-1.4719679549663	.32	5	1	5	5	5	5	5	5	5	5	5	5	4.63636363636364	.780443364480303	.534572484331485
7216412	72164	.656	3	-.694910753184722	-.39	5	5	4	2	5	3	3	3	3	4	4	3	3.72727272727273	-.322298590152261	-.402781097834212
7217020	72170	.18	2.3	.784073857436287	-.14	5	5	5	5	5	5	5	5	5	5	4	4	4.90909090909091	.75020636105202	-.18091682298523
7217093	72170	-.007	4	.0680122840442969	.3	5	5	4	5	5	5	5	4	5	5	5	5	4.81818181818182	.505591235992106	.102493469866197
7217566	72175	.63	3.5	.163044633981553	.79	5	5	5	5	5	5	5	5	5	5	4	4	4.90909090909091	.640507280202196	.610189868783666
7220619	72206	.55	2	.417446718258748	-.21	4	4	4	4	4	4	4	4	4	4	4	4	4	-.0635490286200503	-.192287658473125
7221248	72212	-.763	2.8	-.673077203391191	.03	4	2	4	4	3	3	2	2	5	5	3	3	3.36363636363636	-.608507419120311	.144648876129524
7221320	72213	1.171	3	-.0190611076941716	.33	5	5	4	5	4	5	5	4	5	5	3	3	4.54545454545455	.368979258389723	.205528134800873
7221353	72213	1.378	4	1.07479423652301	.11	5	5	5	5	4	4	5	5	5	5	4	4	4.72727272727273	.204522666419061	-.297646244895259
7221842	72218	-.501	2.3	-1.28080735497475	-.79	5	3	4	5	5	5	5	2	5	5	3	4	4.27272727272727	.471061899186475	-.55288468036276
7223741	72237	-.469	3.8	.709541992384614	1.43	5	5	4	5	5	3	4	5	4	4	4	4	4.36363636363636	-.00445615365993365	1.22317625548006
7224321	72243	.341	3	-.326629724045935	.07	5	5	5	5	5	5	5	5	5	5	5	5	5	.901634578000398	.0385438645818876
7224324	72243	-.531	4	-.782670104566239	.99	5	5	5	5	5	5	5	5	5	5	5	5	5	.842895874018365	.924278657208929
7227591	72275	.48	3.5	-.188742959036091	.3	5	5	5	5	5	4	4	5	4	4	5	5	4.63636363636364	.429799753852825	.169964086757813
7229244	72292	-.441	2.5	-.349535531311758	.51	5	5	4	3	5	4	3	3	4	5	4	3	4.09090909090909	.104123636831764	.609869506886633
7232666	72326	.379	3	-.290590424158511	.07	5	2	4	3	5	4	4	4	3	4	2	3	3.63636363636364	-.469129039207268	.0318416448797248
7232819	72328	-.733	3.3	-.218180665884512	.07	5	5	5	5	5	5	5	5	5	5	5	5	5	.872114720833623	.0585095563920965
7233638	72336	.653	3.5	.651858364597982	.32	5	5	5	5	5	5	5	5	5	5	5	5	5	.651576712338752	.084161213027278
7238404	72384	-1.665	2.1	-1.28843515467439	-.41	3	2	4	4	3	4	4	3	2	3	4	4	3.27272727272727	-.455461462692712	-.0602369554068062
7238488	72384	.808	3.3	-.221564252028801	.07	5	5	5	5	4	5	5	3	4	4	5	5	4.54545454545455	.365447259055234	-.0502588399106038
7238492	72384	1.206	3	.723006643505366	1.19	4	4	4	4	4	4	4	4	4	4	2	3	3.81818181818182	-.479500855250348	.980465145786138
7238559	72385	-.438	2.3	-.33733847232301	-1.07	5	5	5	5	5	5	5	5	5	5	5	5	5	1.04359857939097	-.942344580371114
7238573	72385	-.105	2.3	-.921226383007891	-1.04	3	2	5	3	2	4	3	8	4	3	2	3	3.1	-.773353441512255	-.870949745326668
7239122	72391	.235	2.8	-1.12001478269908	-.14	5	4	5	4	5	4	3	5	4	5	3	3	4.27272727272727	.338754367239339	-.0462975545473978
7239147	72391	.461	3.5	-1.06106967554583	.74	5	5	4	4	4	5	5	4	5	5	3	3	4.45454545454545	.389708272097675	.708390237519125
7241038	72410	.614	2.8	.393793699254394	-1.07	3	1	3	2	4	2	5	1	4	5	3	3	3	-1.19174773660045	-1.17161146332063
7241091	72410	1.313	3.3	.686801764368366	.95	5	5	5	5	5	5	5	5	5	5	5	3	5	.655826748287513	.692882135047935
7241143	72411	.072	2.8	.404615863203998	.07	5	4	4	4	4	4	4	4	3	4	4	3	4	-.174973154552427	.0055725739440222
7244051	72440	-.488	3.5	-1.21957456179425	.07	5	3	4	4	4	3	4	2	3	4	3	4	3.54545454545455	-.461312896455334	.123245258183411
7245520	72455	.581	2.5	-1.21957456179425	-1.04	4	3	4	4	4	4	4	4	4	4	4	3	3.90909090909091	.0280822583549517	-.915690212289211
7245531	72455	.838	3.8	.453765013068276	.3	5	5	5	5	5	4	5	4	4	4	3	4	4.45454545454545	.0831471210225214	.0290700865905817
7245555	72455	.219	3	.493353478349564	.27	5	5	4	4	5	5	5	4	4	5	4	4	4.54545454545455	.318646876569359	.155929631857643
7245585	72455	.243	2.8	-1.04474181867427	.43	5	4	4	4	4	5	5	5	5	5	5	5	4.63636363636364	.689943758821442	.514758768284135
7245597	72455	.504	2.8	-.512450210365099	.07	5	4	3	3	3	3	4	3	3	4	3	3	3.45454545454545	-.586880061125055	.0770345896085447
7247159	72471	-.303	4	-.0914708659681702	.32	5	5	4	4	4	5	5	4	5	5	5	4	4.63636363636364	.359682380554343	.161207098455689
7247166	72471	-.786	2.5	-.0914708659681702	-.97	5	5	5	4	5	5	4	3	4	3	5	5	4.36363636363636	.346906938266305	-.874414833197512
7248639	72486	-.044	2.5	.233166706228302	-.19	5	3	4	3	3	3	3	3	3	3	3	4	3.27272727272727	-.82186478326567	-.183097344090621
7248649	72486	.178	2.5	.39167159247672	-1.04	5	3	3	3	3	3	3	3	3	5	3	5	3.36363636363636	-.76417759251386	-1.06646087841965
7248689	72486	.48	3.8	.229783120084013	1.2	5	5	5	5	5	5	4	5	5	5	5	4	4.90909090909091	.586152054051648	.979353016396946
7251633	72516	1.065	4	1.09982215056651	.07	5	5	5	5	5	4	4	4	5	5	5	5	4.72727272727273	.211172920334023	-.318262616438929
7251653	72516	.009	3.5	.117279070261565	.72	5	5	5	4	5	4	5	3	4	4	5	5	4.45454545454545	.214588184580887	.589266862728608
7251682	72516	-.294	3	-.0554315660807459	.3	5	5	4	4	5	5	5	5	5	5	4	3	4.72727272727273	.606751109118213	.283337842938558
7252836	72528	-.514	3.5	.359876506144644	.02	5	5	4	3	5	5	4	3	3	5	3	4	4.09090909090909	-.170406917548694	-.100688874731163
7252876	72528	-.376	3.3	.0748273992294599	-.19	5	5	5	5	5	4	4	4	4	3	4	5	4.36363636363636	.176162505651392	-.259384404722066
7255722	72557	-.41	2.5	.135894613160381	-.6	5	1	5	5	5	5	5	2	4	5	3	3	4.09090909090909	.0245577607898288	-.556349211538409
7255796	72557	.581	2.3	.229783120084013	.51	5	3	3	4	4	4	4	4	4	4	4	4	3.90909090909091	-.173856416447607	.502367910026013
7258013	72580	-.475	2.5	-1.19328516838414	-.44	5	5	4	5	4	4	4	3	4	4	4	4	4.18181818181818	.332650469798943	-.243822248702578
7258020	72580	1.154	3.8	.686801764368366	.77	5	5	4	5	5	4	4	5	5	5	5	4	4.72727272727273	.307386016613001	.450754198868992
7261266	72612	-.49	3.5	1.04426062955755	-.14	5	5	5	5	5	4	4	3	3	5	4	4	4.36363636363636	-.00918216415874414	-.338553205428108
7261290	72612	-.224	3.5	1.04213852277988	1.18	5	5	4	4	4	4	4	4	4	4	4	4	4.18181818181818	-.19974865453948	.962842885710854
7261713	72617	.026	3.5	.914167243496918	.56	5	4	5	5	4	4	3	4	5	3	4	4	4.18181818181818	-.187597109385042	.33937785217303
7263388	72633	-.126	3.5	.738587288638403	-1.51	5	5	4	4	4	5	4	5	3	5	5	5	4.45454545454545	.118721032400992	-1.70031625973042
7265112	72651	.35	3	-.2939740103028	-.14	5	5	5	4	5	4	4	4	5	5	5	3	4.63636363636364	.532409351630736	-.175727805692087
7266830	72668	.515	3	.493353478349564	-.14	5	4	4	4	4	4	4	4	4	4	4	4	4.09090909090909	-.146015442835331	-.275035264917098
7266872	72668	.503	4	.883633636531458	.07	5	5	5	5	5	5	5	5	5	5	5	5	5	.538071718825246	-.254398224336403
7266897	72668	-.291	2.8	.168715906153092	-.62	5	3	3	3	3	4	4	3	3	4	4	4	3.54545454545455	-.578960785047426	-.632464009186003
7269811	72698	.154	3	-.999836882365338	.3	5	4	4	4	4	4	4	4	4	4	4	4	4.09090909090909	.107809701519118	.356709179899181
7271571	72715	.365	3.3	.233166706228302	.34	4	3	3	3	3	4	3	3	3	5	3	3	3.36363636363636	-.874771308251946	.200511091400222
7273075	72730	.35	3.8	.809101771479784	.73	5	5	5	5	5	5	4	5	5	5	5	5	4.90909090909091	.496904784527747	.454088737124302
7274609	72746	1.422	4	.445971634119063	.06	5	5	4	4	5	5	5	4	5	5	5	5	4.72727272727273	.304715337040767	-.280781564397681
7275658	72756	1.174	3.8	.420943720075566	.3	5	5	4	4	4	3	4	3	4	3	3	4	3.81818181818182	-.559392490389324	.00892474690642768
7276195	72761	1.052	3.3	.229783120084013	.49	5	4	3	3	4	3	3	4	4	4	3	3	3.63636363636364	-.624977520494817	.302229255386808
7277659	72776	-.374	2	-.0554315660807459	-.19	4	4	4	4	4	4	4	4	4	4	4	4	4	.0445083815439351	-.0542169978240065
7279280	72792	-.149	2	-1.21516476898933	-.18	5	1	4	3	4	3	2	4	4	5	3	3	3.45454545454545	-.321078139166677	.0689124798175617
7279996	72799	-.178	2	-.733403318348971	-.37	5	5	5	5	5	5	8	2	3	5	5	5	4.5	.647454566734866	-.17264831183621
7280329	72803	-.078	3.3	.679008385419154	.07	5	4	4	4	4	4	3	2	3	4	4	3	3.72727272727273	-.568097708711666	-.0877296976681202
7280346	72803	-.514	3.8	-.91145406836367	.28	5	5	4	4	5	4	4	3	4	8	4	4	4.2	.0956016064226613	.256762634235505
7280829	72808	.535	3.3	-.097142138139709	.07	5	5	4	4	4	4	4	4	4	4	4	4	4.18181818181818	-.00898055212744913	-.0447697939073244
7281061	72810	-.02	3	-.254219965771937	.07	5	4	4	3	4	4	5	4	3	5	3	4	4	-.0977374387460353	.0560541245397327
7282879	72828	-.906	2.3	-2.25591185747438	.07	5	1	5	5	5	5	5	3	5	5	2	4	4.18181818181818	.551694216046382	.444318873487876
7283301	72833	-.165	3.8	.809101771479784	-.39	5	5	5	5	5	5	5	3	4	5	4	4	4.63636363636364	.241779489511642	-.629435175581808
7283389	72833	-.504	3.8	.612269899316693	-.37	5	5	4	3	5	3	3	4	4	5	4	5	4.09090909090909	-.260255816285169	-.563519466131369
7283417	72834	.725	2.5	-1.39011704054723	-.37	4	2	3	2	2	3	3	2	4	3	3	3	2.81818181818182	-1.0401675157282	-.236909837009997
7285084	72850	-.192	2.8	.883633636531458	.72	5	5	5	5	5	5	4	5	5	4	5	5	4.81818181818182	.574762516546154	.620961551775783
7285096	72850	-.802	3	.24112566442709	-1.07	5	3	4	4	4	4	4	4	3	5	4	4	4	-.151119700003524	-1.08368544031684
7286534	72865	.822	3.8	.484298620033737	.51	5	5	5	3	5	4	5	4	5	5	4	3	4.54545454545455	.169665012507508	.236805267460466
7286573	72865	-.378	3	-.137756810081632	1.18	5	4	4	4	4	4	4	3	4	4	4	5	4	-.104336540540783	1.17844924070489
7286591	72865	1.11	3.8	.650596885231367	-.14	5	5	4	3	3	3	3	3	3	4	3	3	3.54545454545455	-.867073061693796	-.452100190143953
7288216	72882	-.045	3	1.04213852277988	-.12	5	4	3	3	5	4	3	3	3	4	3	3	3.63636363636364	-.670173312996734	-.276445725189578
7290614	72906	1.099	3	.240605284033617	.07	5	5	4	4	4	3	4	4	4	3	4	4	4	-.21600905516681	-.0782703275601322
7290624	72906	.588	3.3	.359876506144644	.07	5	5	3	4	3	4	4	4	3	4	3	3	3.81818181818182	-.448339862338384	-.0993848246207036
7290692	72906	1.152	4	1.49348589489269	.3	5	5	4	4	4	4	3	4	4	4	4	4	4.09090909090909	-.491829644224113	-.138235069144294
7291484	72914	-1.073	2.3	-1.14842628288687	.08	3	3	2	3	3	3	3	3	3	3	2	3	2.81818181818182	-.985342767217864	.34289599940263
7291724	72917	-.261	3.8	-.097142138139709	.3	5	4	4	4	4	5	5	4	4	5	4	4	4.36363636363636	.118895937349345	.168219294391807
7295661	72956	.317	2.5	.975400036677415	1.43	5	5	5	5	5	5	5	5	5	5	5	5	5	.773031556500458	1.32873152233976
7295672	72956	.213	2.3	.359876506144644	-.41	5	4	4	4	3	4	4	2	4	5	4	5	3.90909090909091	-.182318085469107	-.406045595962496
7295762	72957	-.161	3.5	-.122004472933631	.51	5	2	3	2	3	4	4	4	4	4	5	5	3.63636363636364	-.559085067356898	.417937156445715
7299162	72991	-1.01	2.8	.562379650479274	-1.1	5	5	4	4	3	3	3	3	4	3	5	3	3.81818181818182	-.345324490931737	-1.10534961459258
7299177	72991	.461	1.6	-.672911624141616	-.63	5	4	4	2	3	3	4	2	3	3	3	4	3.27272727272727	-.546523037442947	-.425927467185342
7706946	77069	.513	4	.942578743684705	.95	5	5	5	5	5	5	4	5	4	5	4	3	4.72727272727273	.255469744526628	.61833355583132
7709876	77098	.105	3	-1.8734250782417	.07	5	5	5	5	5	5	5	5	5	5	5	5	5	1.1598566817368	.22740054014801
7710903	77109	-.758	2.8	-.0880872798238811	.07	5	5	5	4	3	5	3	3	4	3	4	3	4	-.0669223511801619	.119191753452287
7717802	77178	-.122	1	-1.81447997108845	.76	5	1	4	4	4	4	4	4	4	4	4	4	3.81818181818182	.300855549751476	1.2204763450462
7720457	77204	.438	1.5	.24112566442709	-.16	4	3	3	4	4	4	4	4	4	4	4	4	3.81818181818182	-.131875774870513	-.041342902858142
7720464	77204	.912	2.8	.493353478349564	1.43	5	5	5	5	5	5	5	5	5	5	5	5	5	.781965705428837	1.29620206974131
7722296	77222	-1.167	3	.623446864410196	.72	5	4	4	4	4	4	4	3	3	4	4	4	3.90909090909091	-.291384616563412	.68961837220929
7726816	77268	-.098	1.1	-1.58270469915497	1.18	5	3	5	5	5	5	5	3	3	5	4	3	4.36363636363636	.791776310487428	1.59830453645993
7726848	77268	.088	3.3	.193578240947014	.07	5	5	4	5	5	5	5	5	5	5	4	4	4.81818181818182	.59564407453237	-.045463967974916
7726891	77268	.164	3.3	.166428220125842	.27	5	5	5	5	5	5	5	4	5	5	3	3	4.72727272727273	.506528255686961	.152174653753981
7728548	77285	.276	3.8	.111032278366459	.74	5	3	4	3	4	5	5	3	4	4	3	3	3.90909090909091	-.387670495633203	.547017467617929
7730490	77304	-.37	3.8	.00012995492821205	.51	5	5	5	5	5	5	5	4	5	4	4	4	4.72727272727273	.470526408923299	.375114154974736
7732804	77328	.871	3.5	-.557544368568351	.27	5	4	4	4	4	4	4	4	4	4	4	4	4.09090909090909	-.0693741017576145	.153314158091331
7734275	77342	-.663	2.5	.363260092288934	.69	3	1	3	4	4	4	3	3	3	4	4	4	3.27272727272727	-.82174762431532	.726266815767019
7736999	77369	-.133	3.3	-.49407183225719	.07	4	3	3	3	3	3	3	3	3	4	3	4	3.18181818181818	-.921955672051768	.0467168159763672
7740065	77400	-.216	3	.359876506144644	.52	5	5	5	4	4	4	4	3	4	5	4	4	4.27272727272727	.0823738981645869	.451594059246128
7745606	77456	-.555	2.8	-1.86753308749049	-.37	4	1	4	4	4	4	4	4	4	4	4	4	3.72727272727273	-.0588064582801101	-.137153326233438
7746040	77460	.151	3	-.383335088068518	-.4	5	3	3	4	3	4	3	3	3	3	3	4	3.36363636363636	-.71906443238951	-.411688250806702
7751823	77518	-1.033	4	-.299645282474339	1.2	5	5	5	5	5	5	5	5	5	5	5	5	5	.7819361919448	1.11607860454553
7751830	77518	-.115	2	-.654461660492374	.07	3	3	3	2	2	2	2	3	3	4	3	3	2.72727272727273	-1.14019282154811	.254104220993896
7751873	77518	.989	4	.141045504938447	.95	5	5	4	4	4	5	3	3	3	4	3	2	3.90909090909091	-.449352876333357	.67382162591187
7757158	77571	1.799	4	1.49348589489269	.76	5	5	5	5	5	5	5	4	4	4	3	3	4.54545454545455	-.0593977422594839	.275939632837945
7757177	77571	1.176	4	.359876506144644	.27	5	4	4	4	4	4	5	3	5	4	4	5	4.18181818181818	-.218407512359559	-.0437765883982672
7759071	77590	-.272	3	-.420683810219142	-.16	5	5	3	3	4	5	3	3	4	4	3	3	3.81818181818182	-.244021197517722	-.137571775437642
7759080	77590	.276	2.1	.0996897340233823	.07	3	2	3	4	5	4	4	4	4	5	3	3	3.72727272727273	-.291751590748798	.127804019419457
7765992	77659	-.442	3	.772896892342785	-.16	5	5	5	5	5	5	3	4	4	4	3	4	4.36363636363636	.114211503031577	-.258363614384091
7767371	77673	.678	3.5	-.0937585519954197	.07	5	5	4	4	4	3	4	4	4	4	4	3	4.09090909090909	-.13778353636898	-.0846304558719345
7771093	77710	-.513	3.5	-.0596757796360947	-.63	5	3	3	3	3	3	3	3	3	4	4	4	3.36363636363636	-.829861600872031	-.704068117412981
7774906	77749	.313	4	.623446864410196	1.39	5	5	4	4	4	4	3	3	4	4	3	3	3.90909090909091	-.50426465275824	1.10801491741565
7776928	77769	.128	3	.451642906290601	.02	5	5	5	5	5	5	5	5	5	5	4	4	4.90909090909091	.692139147681822	-.0829831480610365
7776938	77769	1.164	3.5	1.09982215056651	-.37	5	5	4	3	4	4	5	3	4	5	3	3	4.09090909090909	-.34742654123253	-.691885039021863
7776963	77769	1.438	2.3	1.49348589489269	.28	5	5	5	5	5	5	5	5	5	5	5	5	5	.683388896210252	.0710325581845477
7776966	77769	1.345	3.8	-.424067396363431	.97	5	5	5	5	5	5	4	5	4	5	5	5	4.81818181818182	.571422652320615	.760853772622084
7780728	77807	-.114	4	.103073320167672	1.43	4	4	4	4	4	4	5	4	4	5	3	5	4.09090909090909	-.223694638206469	1.23617008655628
7784247	77842	-.022	3.5	1.17223190884051	-.18	4	4	4	4	4	5	3	4	4	4	4	5	4	-.409510305952688	-.425942212039824
7784294	77842	.229	2.3	-.479628917372389	-.37	4	1	3	4	4	4	4	4	4	3	3	3	3.45454545454545	-.501641124574859	-.273751053839424
7785080	77850	.633	3.8	1.49348589489269	.52	5	4	4	4	4	4	4	3	4	4	3	4	3.90909090909091	-.623449991561406	.147880121749459
7785097	77850	-.429	3.5	.587241985273196	.74	5	5	5	5	5	5	5	5	5	5	5	5	5	.699008058664759	.587987506932838
7786509	77865	-2.414	1.9	.269537164614877	.12	5	5	5	4	5	5	5	5	5	5	5	5	4.90909090909091	.98699753272943	.378783232793695
7788037	77880	.516	3	-.678582896313154	.73	5	5	5	5	5	5	4	4	4	5	4	4	4.63636363636364	.588936694910375	.725317619677281
7788095	77880	-.291	1.3	-.520237476548923	-.37	4	1	4	4	4	3	2	4	3	4	3	3	3.27272727272727	-.49682329206448	-.085622569976949
7794922	77949	.687	2.3	-.0806487020185665	.29	5	5	4	3	5	1	5	5	4	5	5	3	4.27272727272727	.236361697827681	.309407880004161
7794938	77949	1.172	4	.548914999358522	.95	5	5	5	5	5	5	5	5	5	5	5	5	5	.56933871171533	.615468802476021
7798759	77987	.597	3.3	.00792333387742486	.95	5	5	3	3	4	5	4	4	3	4	3	3	3.90909090909091	-.300818643698382	.819146271233497
7801193	78011	-.499	3.5	.194839720313629	.07	5	5	4	4	4	4	4	4	4	4	3	3	4.09090909090909	-.144228971527929	-.0333844942477206
7806191	78061	.503	3.3	.124717648066879	.07	5	5	4	4	4	4	4	4	4	4	3	3	4.09090909090909	-.134676270124463	-.0671938883712474
7807709	78077	.033	4	.883633636531458	1.18	5	5	5	5	5	5	5	4	4	4	4	5	4.63636363636364	.190499296012667	.888890632028895
7807788	78077	-.26	3.5	.504175642299168	.06	5	5	4	4	5	4	5	5	5	4	5	5	4.63636363636364	.343029441934807	-.0947379396377018
7808117	78081	-.784	1.8	-.221564252028801	-.14	5	3	4	4	4	4	5	4	4	4	4	4	4.09090909090909	.208757699573645	.0726667639875043
7810125	78101	-1.204	2.3	.0130742256554903	.3	4	3	3	3	3	3	3	2	4	4	4	4	3.27272727272727	-.71416394362866	.442912068683523
7810130	78101	.808	3	-.097142138139709	-.85	5	5	4	4	5	5	5	5	5	5	3	4	4.63636363636364	.484922858870809	-.940071970264803
7810193	78101	.6	3	.0963061478790929	-.2	5	5	5	3	4	4	4	3	4	5	4	4	4.18181818181818	.00620106900928279	-.296868560931257
7813134	78131	-.619	2.8	-.0247323798657103	.07	5	2	3	4	4	4	4	3	3	4	3	3	3.54545454545455	-.536464721472742	.102296043207684
7813199	78131	-.288	3	-.736266524099787	.53	5	5	4	3	5	5	4	3	4	4	3	4	4.09090909090909	.0802906443012989	.588682369692265
7813787	78137	-.042	3	-.820892292917982	-.14	4	4	3	3	4	4	3	3	4	4	3	3	3.54545454545455	-.459885707629531	-.089323236078324
7813860	78138	-.142	4	.969728764505876	.95	5	5	5	5	5	5	5	4	5	5	5	5	4.90909090909091	.45528406223213	.661703972050312
7814846	78148	-.374	2.5	-.344029838389794	-.85	4	2	3	3	3	4	4	4	3	3	3	4	3.27272727272727	-.717238557264717	-.755488649287007
7814869	78148	.036	3.3	.200510992485167	.3	5	5	5	4	5	5	5	4	4	5	5	3	4.72727272727273	.505391069316888	.187447514944186
7817906	78179	.101	4	.812485357624074	.98	5	5	5	5	5	4	4	4	4	5	5	4	4.63636363636364	.19968162868702	.69199239791543
7817990	78179	-.254	3.8	1.02793277268598	.07	5	5	4	4	4	4	4	4	4	4	4	4	4.18181818181818	-.245114580878001	-.187485040196579
7820578	78205	.186	2.8	.426614992247104	-.42	5	5	5	5	5	5	4	4	5	4	4	4	4.63636363636364	.453936305781159	-.494950007071356
7820707	78207	-1.004	2.5	-.51016252433785	.55	5	1	3	4	3	3	3	3	3	4	3	3	3.18181818181818	-.759747271983489	.707621336213634
7820753	78207	-.374	1.9	-.982128017689238	-.35	5	1	4	4	4	4	4	4	4	4	4	4	3.81818181818182	.0287900397688588	-.0964079123149571
7823206	78232	.626	3	.637652614504089	.07	5	5	4	4	4	4	4	3	4	4	3	3	4	-.264055180273336	-.0889560182061102
7828364	78283	.475	3.3	-.058815152225035	.5	5	5	4	5	5	5	5	4	4	4	4	4	4.54545454545455	.350508083765503	.385214472623727
7831179	78311	-.563	3	.651858364597982	.05	5	4	4	4	4	4	3	3	4	3	3	4	3.72727272727273	-.498441529882339	-.0263232390867906
7831192	78311	-.224	2.8	.462819871384104	-.19	5	5	4	4	3	3	4	3	4	4	3	4	3.81818181818182	-.35608753264822	-.239939999356612
7832001	78320	.173	4	.363260092288934	.71	5	5	5	5	5	5	5	4	5	5	3	3	4.72727272727273	.360780954874313	.466886691469262
7832025	78320	.03	3.3	-.548489510252523	.3	5	5	5	4	4	4	4	4	4	4	3	3	4.18181818181818	.0812739322785177	.2712280501811
7837288	78372	-1.032	2.3	.883633636531458	.08	5	3	3	5	5	5	5	3	5	4	3	4	4.18181818181818	.0482567580296722	.113846014569476
7837433	78374	.852	4	.493353478349564	.51	5	5	4	4	4	4	4	3	4	4	4	4	4.09090909090909	-.319829342090615	.204316945875505
7837456	78374	-.234	2.5	.462819871384104	.73	5	4	5	5	5	5	5	3	4	5	4	4	4.54545454545455	.420215694169079	.724801965459057
7837620	78376	-.449	1.8	-.288302738131261	-.14	5	4	4	4	4	4	4	3	3	4	3	4	3.81818181818182	-.064626101109697	.0563668646140297
7848016	78480	-.129	1.8	-.479463338122814	-.85	5	2	4	4	4	4	4	4	4	4	3	3	3.81818181818182	-.0446477454401925	-.655023802819733
7850421	78504	-.298	3	-.684254168484693	.07	5	5	5	5	5	5	5	5	5	5	5	4	5	.981311625147068	.123602236426634
7850483	78504	-.384	3.5	-1.15621966183608	-1.34	5	4	4	4	4	4	5	3	4	4	5	5	4.18181818181818	.161250075073587	-1.30117149467229
7850532	78505	.486	3.5	-.629433746448877	.77	5	4	4	5	5	5	4	4	4	4	3	3	4.27272727272727	.137229171860774	.68858319154291
7850589	78505	-1.204	1.3	-1.31177127564574	.03	3	2	3	3	3	3	3	3	3	3	3	4	2.90909090909091	-.701243548910019	.467131866403896
7850700	78507	-.413	1.5	-.386601037859817	.07	5	3	4	5	4	4	4	4	4	4	4	4	4.09090909090909	.271456778454928	.318790297734064
7853304	78533	-.485	2.4	1.16656063666897	.05	5	5	3	3	3	3	2	4	3	3	2	3	3.27272727272727	-.941515871258155	-.00106112852155933
7854452	78544	-.668	3	-.16049703809788	-.37	4	4	4	4	4	4	4	4	4	4	4	3	4	-.0907470768916615	-.348480087764023
7856258	78562	.063	4	-.548489510252523	.3	5	5	5	4	5	5	5	4	5	5	5	5	4.81818181818182	.60290267659568	.166145467856175
7859840	78598	.313	3.5	.163044633981553	.48	5	5	5	5	5	5	4	3	5	4	4	3	4.54545454545455	.287705531972513	.32264213999175
7859878	78598	-.194	2.5	-.908236061468956	-.4	5	4	3	3	3	3	3	3	4	4	4	4	3.54545454545455	-.359417007009192	-.255447585840581
7862491	78624	1.152	3.8	-.290590424158511	.53	5	5	5	5	4	3	2	5	3	2	2	5	3.72727272727273	-.534476573682602	.319668923525954
7865138	78651	-.561	4	-.412724852020354	.74	5	5	4	5	4	4	4	5	5	4	5	4	4.54545454545455	.32954626756881	.635232613864843
7868911	78689	-.756	2.5	-.0304036520372486	.07	5	5	4	4	3	3	3	4	3	4	3	3	3.72727272727273	-.300358169990382	.156664232596196
7868923	78689	-.168	3.5	-.418396124191893	.29	5	5	5	5	5	4	4	4	4	4	5	5	4.54545454545455	.39817912293909	.231418099833921
7868946	78689	-.161	3.3	-.157113451953591	-.14	5	5	5	5	4	4	4	4	4	4	4	4	4.36363636363636	.206324812733338	-.198799803665241
7869332	78693	-.567	4	-.554160782424062	-.39	5	5	5	5	5	5	5	5	5	5	5	5	5	.807170563074667	-.478602148524716
7870581	78705	.398	3.8	-.16049703809788	-.37	4	4	4	4	4	4	4	4	4	4	4	4	4	-.257018031342829	-.541405223830628
7877815	78778	.344	4	.388288006332431	.07	5	5	4	5	5	5	5	4	4	4	4	4	4.54545454545455	.169070585782346	-.188010119395268
7877852	78778	1.155	2	-.550777196279773	.07	5	5	5	5	4	5	4	3	5	5	3	3	4.45454545454545	.52690468501631	.152614533617931
7879996	78799	-.435	3.5	-.0304036520372486	.36	5	5	5	5	5	4	4	4	4	4	4	4	4.45454545454545	.253647515587019	.277149681052299
7888605	78886	.079	3.8	.534709249264629	.27	5	5	4	4	5	4	4	4	4	5	5	5	4.45454545454545	.0959979450113408	.0438198392973059
7888609	78886	.144	3.8	.321549520229971	-1.03	5	5	5	5	5	5	5	5	5	5	5	3	5	.673704204412578	-1.23706159021149
7888629	78886	1.553	3.8	-.066608531174248	.07	5	5	4	4	4	4	4	4	4	4	3	3	4.09090909090909	-.220769368222299	-.193659582501065
7895620	78956	-.007	2.8	.562379650479274	.28	5	4	4	4	5	3	4	3	5	4	3	4	4	-.197787442403461	.203610549376794
7895660	78956	-.026	3	1.49348589489269	-.16	5	5	5	5	5	3	3	5	3	3	3	2	4.09090909090909	-.289271544473504	-.368021475249205
7898493	78984	-1.04	3	.0363348340652112	.54	5	5	5	5	5	5	4	4	5	5	4	5	4.72727272727273	.617407393543992	.565962451457297
7908655	79086	.934	3.5	-.357328910260971	.96	5	5	5	5	5	5	5	5	5	5	3	1	4.81818181818182	.623365467256085	.816570242173163
7927678	79276	.864	3.3	1.04213852277988	.48	5	5	5	5	5	5	5	4	5	5	5	5	4.90909090909091	.522796901035793	.215138518776875
7955946	79559	.482	2.8	-.097142138139709	-1.04	5	3	4	4	4	5	5	3	3	4	3	5	3.90909090909091	-.198748503238031	-1.07762645868701
8472849	84728	-.683	3.8	.452738806407642	.78	5	5	4	5	8	4	4	3	3	5	4	3	4.2	-.119246723141333	.616912697564269
8478196	84781	1.874	4	-.262178923970724	.07	5	4	4	4	4	3	3	3	3	4	3	3	3.63636363636364	-.687116612976864	-.223986109722423
9112378	91123	.449	3.3	.489969892205275	.74	5	5	5	5	5	5	5	4	4	5	3	3	4.63636363636364	.353553387995026	.565982205331951
9194767	91947	.601	2.8	.0996897340233823	.07	5	5	4	5	5	5	5	5	5	5	3	3	4.72727272727273	.583533366735484	.0020398497356661
9194793	91947	.931	3.8	1.00593364364288	.97	5	5	5	5	5	5	5	5	5	5	1	1	4.63636363636364	.172487051548366	.631032808013433
9196957	91969	.45	2.5	1.23329912277143	-.59	5	4	4	4	4	4	4	4	4	5	4	4	4.18181818181818	-.0914048242227568	-.729389865780352
9196982	91969	1.401	3.3	1.20276551580597	-.17	5	5	5	5	5	5	4	4	4	4	4	4	4.54545454545455	.114829180658707	-.490771799346939
9199152	91991	.357	4	-.0360749242087873	.11	5	5	3	2	5	5	5	1	5	3	3	3	3.81818181818182	-.490016237706461	-.101703918132079
