91.5154											
58.4265	104.3369										
42.2065	53.0577	94.1368									
50.3363	54.8473	54.1485	113.4287								
27.8809	36.1887	44.1644	40.0016	102.0923							
31.1925	44.2856	49.9828	48.4602	48.1879	99.7375						
36.8624	41.6189	39.4647	37.4821	33.5586	41.3138	106.3828					
37.2068	48.5247	54.0087	48.525	40.8167	55.8144	38.7157	84.7429				
53.935	59.6384	44.1566	52.1295	33.6248	44.4262	39.3436	46.829	102.1259			
41.6701	47.5003	60.401	54.7487	40.013	41.3829	39.4756	47.3414	40.0487	104.5937		
44.4516	51.7627	46.5367	61.5638	32.9108	46.3207	37.0662	44.2792	49.5395	39.6643	121.5228	
41.7776	50.7631	52.7672	62.8982	37.5144	47.2762	36.9813	47.5838	43.4684	51.0883	56.199	103.2507