     .00   46.00   68.00
     .00   44.00   76.00
     .00   59.00   81.00
     .00   38.00   68.00
     .00   47.00   82.00
     .00   49.00   69.00
     .00   38.00   64.00
     .00   36.00   72.00
     .00   64.00   81.00
     .00   36.00   72.00
     .00   52.00   75.00
     .00   31.00   60.00
     .00   62.00   80.00
     .00   55.00   75.00
     .00   58.00   81.00
     .00   55.00   80.00
     .00   43.00   70.00
     .00   37.00   64.00
     .00   49.00   73.00
     .00   36.00   72.00
     .00   64.00   86.00
     .00   60.00   85.00
     .00   44.00   68.00
     .00   49.00   80.00
     .00   30.00   68.00
     .00   73.00   82.00
     .00   62.00   73.00
     .00   29.00   62.00
     .00   37.00   73.00
     .00   49.00   72.00
    1.00   40.00   83.00
    1.00   49.00   86.00
    1.00   57.00   90.00
    1.00   46.00   76.00
    1.00   48.00   85.00
    1.00   45.00   86.00
    1.00   43.00   75.00
    1.00   45.00   76.00
    1.00   57.00   92.00
    1.00   41.00   84.00
    1.00   43.00   88.00
    1.00   38.00   80.00
    1.00   71.00   99.00
    1.00   63.00   87.00
    1.00   59.00   94.00
    1.00   54.00   87.00
    1.00   38.00   82.00
    1.00   33.00   70.00
    1.00   46.00   87.00
    1.00   42.00   83.00
    1.00   62.00   98.00
    1.00   57.00   94.00
    1.00   31.00   83.00
    1.00   52.00   81.00
    1.00   36.00   80.00
    1.00   60.00   92.00
    1.00   61.00   85.00
    1.00   27.00   69.00
    1.00   34.00   73.00
    1.00   59.00   96.00
