    6.81   53.06     .00     .00
    2.98   62.45     .00     .00
   -3.14   44.96     .00     .00
   -7.20   38.72     .00     .00
   20.03   66.72     .00     .00
   16.96   39.27     .00     .00
    5.78   48.37     .00     .00
   -6.33   43.83     .00     .00
    9.19   58.14     .00     .00
   -7.13   65.00     .00     .00
  -11.30   44.13     .00     .00
   -4.41   38.74     .00     .00
   -5.78   49.10     .00     .00
    5.50   41.92     .00     .00
  -18.78   41.23     .00     .00
   14.48   43.68     .00     .00
    -.77   64.19     .00     .00
   -8.38   44.29     .00     .00
   -5.02   57.45     .00     .00
  -11.53   40.49     .00     .00
  -17.04   47.02     .00     .00
  -10.02   42.41     .00     .00
    7.83   55.76     .00     .00
    2.24   56.92     .00     .00
   -7.29   51.05     .00     .00
   -4.94   46.00     .00     .00
  -12.47   35.63     .00     .00
   -1.84   59.52     .00     .00
  -13.26   43.68     .00     .00
   11.08   51.30     .00     .00
    6.90   46.54     .00     .00
    8.09   52.17     .00     .00
  -11.28   32.70     .00     .00
   -6.67   41.58     .00     .00
  -11.10   28.89     .00     .00
    6.81   33.72     .00     .00
   16.42   68.39     .00     .00
    7.53   57.22     .00     .00
   -4.06   53.87     .00     .00
   20.55   68.60     .00     .00
   15.52   57.71     .00     .00
    1.08   62.98     .00     .00
   -7.42   40.28     .00     .00
   -4.39   59.84     .00     .00
    1.82   64.15     .00     .00
    1.10   53.97     .00     .00
  -11.97   40.41     .00     .00
    7.50   53.32     .00     .00
    9.66   52.85     .00     .00
    7.65   55.77     .00     .00
   -6.25   53.84    1.00   -6.25
    6.24   46.24    1.00    6.24
    3.58   43.15    1.00    3.58
  -14.69   60.77    1.00  -14.69
  -22.25   67.29    1.00  -22.25
    1.12   48.24    1.00    1.12
    1.97   55.65    1.00    1.97
    1.41   59.47    1.00    1.41
    8.00   57.11    1.00    8.00
    5.46   54.08    1.00    5.46
    6.01   45.69    1.00    6.01
  -12.43   59.01    1.00  -12.43
    3.31   37.45    1.00    3.31
   -1.21   56.18    1.00   -1.21
   -2.34   35.39    1.00   -2.34
   20.06   32.27    1.00   20.06
    7.87   43.05    1.00    7.87
    2.26   60.25    1.00    2.26
    9.68   37.18    1.00    9.68
    5.20   37.79    1.00    5.20
    6.86   42.09    1.00    6.86
  -17.68   64.00    1.00  -17.68
  -13.40   48.54    1.00  -13.40
   -4.79   38.77    1.00   -4.79
    3.69   45.04    1.00    3.69
   18.06   45.06    1.00   18.06
   -1.00   32.01    1.00   -1.00
   -8.06   76.91    1.00   -8.06
    5.67   43.24    1.00    5.67
  -14.74   54.09    1.00  -14.74
  -15.17   53.32    1.00  -15.17
   -5.03   51.59    1.00   -5.03
    4.14   47.75    1.00    4.14
   -7.55   45.83    1.00   -7.55
   12.56   47.40    1.00   12.56
   -5.33   50.41    1.00   -5.33
    -.12   43.92    1.00    -.12
   12.45   48.34    1.00   12.45
   11.05   43.05    1.00   11.05
  -11.60   60.51    1.00  -11.60
  -13.37   61.52    1.00  -13.37
  -16.88   65.50    1.00  -16.88
    5.75   42.99    1.00    5.75
   17.49   59.51    1.00   17.49
   -1.80   65.47    1.00   -1.80
    4.76   34.50    1.00    4.76
   -7.15   59.01    1.00   -7.15
     .34   46.84    1.00     .34
   11.61   50.20    1.00   11.61
    6.27   42.49    1.00    6.27
