    1.00   29.00  169.65
    1.00   31.00  184.13
    1.00   28.00  160.71
    1.00   27.00  179.81
    1.00   29.00  224.80
    1.00   24.00  191.35
    1.00   28.00  187.19
    1.00   28.00  196.63
    1.00   31.00  161.53
    1.00   33.00  181.53
    1.00   30.00  184.69
    1.00   27.00  202.75
    1.00   25.00  161.51
    1.00   28.00  184.71
    1.00   30.00  169.51
    1.00   30.00  173.34
    1.00   26.00  214.90
    1.00   27.00  189.15
    1.00   31.00  177.17
    1.00   27.00  177.92
    1.00   31.00  196.61
    1.00   27.00  186.49
    1.00   30.00  187.02
    1.00   28.00  231.17
    1.00   26.00  177.83
    1.00   29.00  197.77
    1.00   25.00  181.01
    1.00   26.00  228.62
    1.00   27.00  170.65
    1.00   31.00  233.45
    1.00   30.00  200.86
    1.00   29.00  195.25
    1.00   26.00  168.03
    1.00   30.00  209.23
    1.00   29.00  192.19
    1.00   31.00  187.27
    1.00   25.00  156.21
    1.00   28.00  187.86
    1.00   26.00  193.68
    1.00   27.00  161.78
    1.00   26.00  178.20
    1.00   27.00  184.16
    1.00   30.00  223.99
    1.00   27.00  191.69
    1.00   30.00  190.30
    1.00   28.00  191.85
    1.00   31.00  187.68
    1.00   30.00  178.82
    1.00   32.00  221.24
    1.00   28.00  219.95
    1.00   27.00  194.46
    1.00   28.00  174.74
    1.00   26.00  172.12
    1.00   27.00  205.60
    1.00   25.00  188.16
    1.00   30.00  192.76
    1.00   26.00  153.80
    1.00   23.00  150.21
    1.00   30.00  168.12
    1.00   27.00  180.88
    1.00   28.00  200.25
    1.00   28.00  173.60
    1.00   31.00  179.89
    1.00   29.00  171.03
    1.00   29.00  159.97
    1.00   24.00  172.41
    1.00   27.00  192.32
    1.00   29.00  210.26
    1.00   28.00  198.19
    1.00   25.00  158.56
    1.00   26.00  181.99
    1.00   29.00  181.81
    1.00   33.00  214.19
    1.00   30.00  179.40
    1.00   28.00  196.22
    1.00   27.00  184.67
    1.00   23.00  198.34
    1.00   30.00  163.13
    1.00   26.00  187.51
    1.00   27.00  184.86
    1.00   32.00  190.03
    1.00   26.00  156.87
    1.00   27.00  200.64
    1.00   28.00  172.10
    1.00   29.00  152.70
    1.00   27.00  166.49
    1.00   27.00  202.12
    1.00   28.00  178.72
    1.00   28.00  177.43
    1.00   27.00  182.79
    1.00   28.00  186.24
    1.00   27.00  205.82
    1.00   31.00  187.34
    1.00   26.00  200.77
    1.00   25.00  172.92
    1.00   29.00  176.78
    1.00   28.00  168.99
    1.00   30.00  195.20
    1.00   32.00  180.96
    1.00   27.00  177.81
    1.00   27.00  198.48
    1.00   30.00  193.23
    1.00   27.00  169.71
    1.00   28.00  171.71
    1.00   21.00  202.84
    1.00   32.00  207.95
    1.00   30.00  154.63
    1.00   25.00  222.25
    1.00   30.00  185.64
    1.00   24.00  198.12
    1.00   30.00  153.47
    1.00   26.00  192.86
    1.00   26.00  188.27
    1.00   27.00  199.56
    1.00   28.00  168.83
    1.00   26.00  173.43
    1.00   28.00  173.82
    1.00   25.00  185.18
    1.00   26.00  202.47
    1.00   24.00  208.36
    1.00   29.00  182.21
    1.00   23.00  186.41
    1.00   24.00  187.00
    1.00   31.00  175.62
    1.00   30.00  197.42
    1.00   26.00  146.55
    1.00   31.00  150.67
    1.00   29.00  182.26
    1.00   31.00  209.86
    1.00   25.00  156.69
    1.00   30.00  174.17
    1.00   27.00  178.80
    1.00   28.00  189.63
    1.00   28.00  166.33
    1.00   28.00  195.06
    1.00   30.00  204.08
    1.00   31.00  186.69
    1.00   28.00  195.76
    1.00   28.00  188.35
    1.00   27.00  212.84
    1.00   28.00  144.64
    1.00   32.00  199.61
    1.00   28.00  182.09
    1.00   33.00  194.43
    1.00   27.00  179.66
    1.00   28.00  202.11
    1.00   28.00  169.90
    1.00   28.00  169.01
    1.00   27.00  215.09
    1.00   25.00  182.03
    1.00   25.00  142.92
    1.00   30.00  192.98
    1.00   31.00  199.00
    1.00   28.00  181.50
    1.00   23.00  166.48
    1.00   29.00  174.54
    1.00   27.00  180.75
    1.00   26.00  195.25
    1.00   29.00  165.40
    1.00   29.00  191.99
    1.00   28.00  184.60
    1.00   28.00  187.61
    1.00   27.00  183.09
    1.00   28.00  197.43
    1.00   26.00  183.77
    1.00   30.00  194.25
    1.00   25.00  182.27
    1.00   25.00  169.39
    1.00   27.00  196.86
    1.00   27.00  196.88
    1.00   26.00  164.24
    1.00   26.00  170.06
    1.00   28.00  213.08
    1.00   26.00  166.43
    1.00   24.00  186.67
    1.00   29.00  142.82
    1.00   25.00  178.09
    1.00   25.00  188.69
    1.00   27.00  177.66
    1.00   28.00  177.52
    1.00   26.00  182.23
    1.00   27.00  178.34
    1.00   30.00  190.77
    1.00   25.00  176.79
    1.00   31.00  199.05
    1.00   32.00  198.31
    1.00   28.00  196.57
    1.00   26.00  199.39
    1.00   27.00  190.35
    1.00   26.00  165.61
    1.00   31.00  195.95
    1.00   26.00  172.28
    1.00   29.00  179.90
    1.00   29.00  169.30
    1.00   27.00  174.79
    1.00   27.00  167.66
    1.00   28.00  177.38
    1.00   26.00  183.18
    1.00   25.00  168.33
    1.00   22.00  169.67
    1.00   23.00  159.39
    1.00   27.00  170.34
    1.00   26.00  181.77
    1.00   23.00  179.36
    1.00   30.00  189.19
    1.00   28.00  196.31
    1.00   29.00  212.56
    1.00   25.00  183.64
    1.00   31.00  177.31
    1.00   26.00  171.15
    1.00   25.00  164.94
    1.00   29.00  182.86
    1.00   29.00  188.32
    1.00   30.00  192.75
    1.00   27.00  169.87
    1.00   31.00  161.91
    1.00   25.00  167.48
    1.00   27.00  191.42
    1.00   27.00  220.58
    1.00   28.00  166.48
    1.00   28.00  205.61
    1.00   29.00  201.11
    1.00   34.00  192.75
    1.00   25.00  198.60
    1.00   32.00  234.53
    1.00   29.00  175.79
    1.00   28.00  166.03
    1.00   27.00  179.29
    1.00   29.00  162.02
    1.00   29.00  182.83
    1.00   28.00  189.15
    1.00   26.00  192.87
    1.00   28.00  197.15
    1.00   29.00  177.34
    1.00   31.00  173.75
    1.00   29.00  217.94
    1.00   25.00  192.23
    1.00   29.00  166.58
    1.00   27.00  181.49
    1.00   29.00  172.55
    1.00   31.00  181.56
    1.00   24.00  175.51
    1.00   24.00  185.89
    1.00   35.00  192.99
    1.00   32.00  208.97
    1.00   28.00  151.05
    1.00   27.00  200.40
    1.00   24.00  175.80
    1.00   29.00  203.71
    1.00   28.00  199.03
    1.00   29.00  200.09
    1.00   29.00  197.62
    1.00   26.00  182.18
    1.00   29.00  171.91
    1.00   28.00  174.42
    1.00   25.00  172.64
    1.00   30.00  161.05
    1.00   29.00  185.53
    1.00   26.00  165.96
    1.00   27.00  170.33
    1.00   26.00  180.90
    1.00   30.00  198.30
    1.00   27.00  162.39
    1.00   27.00  156.67
    1.00   28.00  178.18
    1.00   28.00  185.17
    1.00   29.00  204.48
    1.00   24.00  177.19
    1.00   28.00  184.63
    1.00   29.00  177.35
    1.00   25.00  150.28
    1.00   29.00  177.52
    1.00   26.00  175.53
    1.00   21.00  173.86
    1.00   26.00  183.38
    1.00   32.00  178.32
    1.00   28.00  216.67
    1.00   31.00  196.13
    1.00   30.00  175.69
    1.00   29.00  180.15
    1.00   29.00  216.63
    1.00   26.00  165.70
    1.00   29.00  160.02
    1.00   28.00  224.10
    1.00   31.00  201.67
    1.00   30.00  180.55
    1.00   29.00  190.07
    1.00   29.00  176.54
    1.00   33.00  189.71
    1.00   27.00  206.05
    1.00   29.00  175.22
    1.00   26.00  177.16
    1.00   29.00  204.78
    1.00   29.00  180.62
    1.00   27.00  181.00
    1.00   23.00  203.75
    1.00   28.00  155.17
    1.00   25.00  199.70
    1.00   27.00  173.64
    1.00   32.00  171.26
    1.00   29.00  203.97
    1.00   29.00  183.43
    1.00   26.00  174.89
    1.00   31.00  169.39
    1.00   28.00  185.68
    1.00   27.00  179.99
    1.00   26.00  180.35
    1.00   27.00  200.69
    1.00   31.00  172.38
    1.00   29.00  199.97
    1.00   28.00  162.10
    1.00   27.00  184.56
    1.00   31.00  188.32
    1.00   29.00  204.03
    1.00   23.00  172.47
    1.00   28.00  172.82
    1.00   27.00  192.57
    1.00   29.00  191.44
    1.00   29.00  153.12
    1.00   31.00  191.49
    1.00   28.00  186.48
    1.00   29.00  226.43
    1.00   31.00  198.00
    1.00   28.00  186.36
    1.00   28.00  187.37
    1.00   27.00  171.48
    1.00   29.00  200.11
    1.00   28.00  173.52
    1.00   29.00  180.46
    1.00   27.00  180.61
    1.00   24.00  188.45
    1.00   29.00  165.15
    1.00   28.00  193.89
    1.00   33.00  203.28
    1.00   30.00  202.27
    1.00   24.00  185.76
    1.00   28.00  186.05
    1.00   26.00  163.55
    1.00   27.00  203.14
    1.00   27.00  204.87
    1.00   26.00  198.79
    1.00   30.00  175.01
    1.00   27.00  193.24
    1.00   27.00  155.23
    1.00   26.00  176.99
    1.00   25.00  183.98
    1.00   25.00  194.02
    1.00   30.00  200.71
    1.00   30.00  180.05
    1.00   28.00  202.39
    1.00   28.00  173.91
     .00   29.00  225.85
     .00   28.00  212.57
     .00   29.00  232.05
     .00   29.00  243.98
     .00   25.00  207.39
     .00   24.00  147.38
     .00   27.00  174.60
     .00   25.00  217.31
     .00   27.00  186.48
     .00   25.00  198.12
     .00   26.00  195.57
     .00   25.00  207.02
     .00   28.00  213.11
     .00   30.00  214.62
     .00   25.00  185.85
     .00   27.00  234.79
     .00   24.00  209.51
     .00   25.00  185.09
     .00   27.00  204.11
     .00   29.00  223.70
     .00   30.00  215.39
     .00   30.00  201.76
     .00   26.00  220.81
     .00   25.00  178.67
     .00   26.00  214.60
     .00   31.00  228.64
     .00   31.00  185.62
     .00   30.00  223.50
     .00   27.00  189.70
     .00   29.00  209.95
     .00   30.00  223.10
     .00   27.00  198.14
     .00   26.00  183.57
     .00   27.00  221.33
     .00   33.00  240.98
     .00   31.00  210.55
     .00   32.00  210.26
     .00   28.00  216.92
     .00   27.00  189.48
     .00   31.00  230.25
     .00   26.00  189.16
     .00   26.00  190.50
     .00   23.00  182.08
     .00   26.00  197.37
     .00   33.00  243.48
     .00   24.00  176.20
     .00   26.00  231.20
     .00   30.00  233.33
     .00   30.00  235.78
     .00   29.00  218.29
     .00   28.00  197.49
     .00   28.00  225.00
     .00   26.00  216.35
     .00   27.00  203.03
     .00   28.00  230.14
     .00   31.00  220.73
     .00   27.00  209.36
     .00   27.00  227.74
     .00   29.00  205.70
     .00   28.00  243.95
     .00   27.00  182.78
     .00   30.00  230.47
     .00   27.00  196.32
     .00   26.00  200.20
     .00   31.00  222.42
     .00   30.00  207.96
     .00   24.00  182.90
     .00   28.00  214.72
     .00   29.00  202.92
     .00   31.00  232.50
     .00   24.00  156.92
     .00   28.00  235.81
     .00   25.00  186.47
     .00   28.00  240.97
     .00   28.00  234.14
     .00   28.00  221.43
     .00   31.00  191.45
     .00   29.00  205.92
     .00   26.00  180.80
     .00   27.00  213.76
     .00   28.00  196.39
     .00   26.00  181.31
     .00   28.00  197.28
     .00   26.00  187.87
     .00   28.00  204.75
     .00   29.00  225.60
     .00   29.00  204.00
     .00   28.00  195.41
     .00   29.00  206.66
     .00   32.00  243.68
     .00   27.00  176.03
     .00   23.00  167.03
     .00   33.00  183.21
     .00   26.00  157.82
     .00   24.00  179.86
     .00   28.00  199.13
     .00   27.00  200.07
     .00   31.00  223.42
     .00   27.00  216.21
     .00   27.00  211.02
     .00   27.00  206.49
     .00   26.00  212.97
     .00   29.00  228.43
     .00   27.00  181.11
     .00   25.00  183.66
     .00   27.00  196.82
     .00   27.00  238.66
     .00   26.00  226.59
     .00   29.00  237.97
     .00   23.00  172.81
     .00   27.00  221.83
     .00   26.00  217.81
     .00   30.00  219.37
     .00   31.00  194.14
     .00   29.00  189.28
     .00   28.00  216.80
     .00   28.00  216.53
     .00   29.00  193.21
     .00   29.00  220.06
     .00   33.00  230.80
     .00   26.00  215.49
     .00   26.00  217.11
     .00   30.00  204.28
     .00   29.00  214.98
     .00   32.00  220.09
     .00   32.00  214.49
     .00   33.00  211.61
     .00   34.00  230.41
     .00   28.00  177.87
     .00   29.00  217.55
     .00   30.00  242.42
     .00   30.00  245.83
     .00   29.00  203.02
     .00   24.00  182.74
     .00   27.00  206.10
     .00   32.00  219.87
     .00   29.00  219.38
     .00   26.00  190.83
     .00   30.00  219.52
     .00   27.00  216.55
     .00   28.00  212.70
     .00   30.00  212.59
     .00   29.00  187.99
     .00   27.00  187.77
     .00   28.00  207.92
     .00   31.00  233.04
     .00   29.00  200.80
     .00   27.00  205.55
     .00   27.00  179.99
     .00   25.00  193.75
     .00   24.00  192.13
     .00   30.00  203.19
     .00   26.00  213.43
     .00   29.00  229.14
     .00   30.00  241.84
     .00   33.00  202.31
     .00   28.00  195.63
     .00   27.00  156.74
     .00   29.00  211.44
     .00   28.00  198.10
     .00   28.00  212.49
     .00   29.00  248.90
     .00   31.00  226.38
     .00   24.00  184.24
     .00   32.00  198.86
     .00   30.00  242.28
     .00   24.00  214.33
     .00   31.00  216.07
     .00   32.00  236.70
     .00   29.00  197.95
     .00   27.00  199.87
     .00   30.00  211.18
     .00   26.00  174.83
     .00   30.00  225.90
     .00   29.00  250.00
     .00   25.00  183.44
     .00   29.00  206.70
     .00   28.00  218.78
     .00   27.00  198.20
     .00   29.00  224.42
     .00   28.00  197.05
     .00   27.00  208.48
     .00   26.00  172.29
     .00   28.00  208.69
     .00   26.00  215.89
     .00   24.00  181.27
     .00   30.00  206.70
     .00   28.00  205.80
     .00   29.00  203.76
     .00   31.00  250.00
     .00   31.00  227.29
     .00   28.00  207.49
     .00   28.00  214.80
     .00   26.00  199.47
     .00   26.00  197.09
     .00   26.00  199.06
     .00   28.00  212.67
     .00   27.00  213.95
     .00   31.00  250.00
     .00   31.00  221.05
     .00   29.00  229.58
     .00   29.00  166.60
     .00   33.00  233.42
     .00   25.00  205.95
     .00   29.00  227.37
     .00   28.00  222.09
     .00   27.00  229.22
     .00   28.00  209.04
     .00   30.00  228.30
     .00   26.00  199.99
     .00   26.00  190.20
     .00   23.00  173.40
     .00   29.00  226.74
     .00   26.00  191.97
     .00   27.00  210.80
     .00   26.00  218.53
     .00   26.00  190.15
     .00   30.00  193.01
     .00   24.00  178.77
     .00   28.00  195.85
     .00   27.00  214.83
     .00   28.00  189.42
     .00   25.00  221.69
     .00   25.00  210.95
     .00   28.00  250.00
     .00   28.00  230.37
     .00   24.00  198.94
     .00   33.00  250.00
     .00   27.00  238.99
     .00   31.00  217.55
     .00   27.00  223.91
     .00   27.00  209.78
     .00   26.00  172.58
     .00   27.00  233.25
     .00   27.00  216.29
     .00   31.00  199.30
     .00   32.00  186.68
     .00   29.00  214.15
     .00   30.00  230.48
     .00   28.00  202.08
     .00   27.00  218.26
     .00   30.00  250.00
     .00   30.00  250.00
     .00   27.00  224.67
     .00   30.00  211.62
     .00   30.00  229.52
     .00   31.00  216.47
     .00   27.00  220.73
     .00   27.00  224.18
     .00   25.00  183.40
     .00   30.00  206.86
     .00   29.00  223.79
     .00   29.00  223.40
     .00   23.00  186.68
     .00   29.00  230.92
     .00   30.00  202.23
     .00   29.00  208.42
     .00   31.00  209.04
     .00   30.00  200.81
     .00   31.00  205.07
     .00   27.00  214.76
     .00   28.00  245.04
     .00   28.00  210.65
     .00   27.00  227.22
     .00   28.00  212.65
     .00   24.00  203.34
     .00   28.00  216.64
     .00   30.00  227.23
     .00   31.00  207.12
     .00   28.00  196.81
     .00   30.00  222.23
     .00   30.00  232.01
     .00   29.00  209.93
     .00   25.00  162.50
     .00   27.00  179.96
     .00   31.00  233.43
     .00   25.00  182.34
     .00   27.00  223.75
     .00   33.00  230.81
     .00   27.00  209.61
     .00   28.00  241.09
     .00   29.00  199.21
     .00   28.00  196.40
     .00   29.00  217.13
     .00   26.00  210.78
     .00   22.00  149.49
     .00   30.00  203.74
     .00   29.00  208.11
     .00   30.00  212.34
     .00   30.00  230.51
     .00   29.00  207.08
     .00   27.00  196.62
     .00   28.00  244.47
     .00   27.00  196.58
     .00   30.00  221.80
     .00   24.00  200.73
     .00   33.00  240.46
     .00   31.00  236.04
     .00   27.00  218.35
     .00   29.00  213.56
     .00   26.00  202.24
     .00   32.00  204.20
     .00   27.00  192.06
     .00   27.00  194.36
     .00   29.00  215.38
     .00   26.00  192.42
     .00   27.00  234.48
     .00   25.00  199.19
     .00   33.00  227.50
     .00   29.00  231.86
     .00   26.00  222.77
     .00   28.00  214.69
     .00   31.00  224.45
     .00   28.00  208.84
     .00   30.00  219.23
     .00   28.00  243.44
     .00   31.00  213.56
     .00   29.00  200.66
     .00   29.00  219.45
     .00   27.00  218.29
     .00   26.00  166.55
     .00   26.00  195.27
     .00   30.00  241.77
     .00   29.00  203.07
     .00   25.00  211.61
     .00   30.00  216.21
     .00   28.00  214.01
     .00   32.00  232.88
     .00   25.00  192.23
     .00   27.00  195.95
     .00   28.00  210.96
     .00   31.00  230.19
     .00   28.00  203.66
     .00   27.00  226.59
     .00   25.00  196.79
     .00   30.00  227.50
     .00   28.00  200.18
     .00   29.00  174.46
     .00   27.00  204.67
     .00   23.00  186.56
     .00   28.00  224.84
     .00   27.00  194.53
     .00   27.00  161.35
     .00   29.00  223.09
     .00   24.00  209.46
     .00   27.00  208.18
     .00   30.00  223.51
     .00   29.00  250.00
     .00   25.00  160.97
     .00   25.00  192.14
     .00   24.00  191.54
     .00   24.00  184.18
     .00   29.00  192.82
     .00   28.00  170.00
     .00   26.00  197.97
     .00   26.00  173.61
     .00   28.00  208.36
     .00   28.00  223.24
     .00   29.00  220.89
     .00   28.00  229.76
